 enter MOVE with M=           3
 MOVE:       0.5000000000000000      -0.0038084991891905    3403.8717799556857244    3403.8746177445104877
 MOVE:       0.2500000000000000      -0.0038084991891905    3403.8661043889642315    3403.8717799556857244
 MOVE:       0.1250000000000000      -0.0038084991891905    3403.8547532993729874    3403.8661043889642315
 MOVE:       0.0625000000000000      -0.0038084991891905    3403.8320512954614969    3403.8547532993729874
 MOVE:       0.0312500000000000      -0.0038084991891905    3403.7866479888539288    3403.8320512954614969
 MOVE:       0.0156250000000000      -0.0038084991891905    3403.6958441802948983    3403.7866479888539288
 MOVE:       0.0078125000000000      -0.0038084991891905    3403.5142477811118624    3403.6958441802948983
 MOVE:       0.0039062500000000      -0.0038084991891905    3403.1510998486551216    3403.5142477811118624
 MOVE:       0.0019531250000000      -0.0038084991891905    3402.4249834007487152    3403.1510998486551216
 MOVE:       0.0009765625000000      -0.0038084991891905    3400.9734678000581880    3402.4249834007487152
 MOVE:       0.0004882812500000      -0.0038084991891905    3398.0733027991295785    3400.9734678000581880
 MOVE:  2.4414062500000000D-004      -0.0038084991891905    3392.2844138092723369    3398.0733027991295785
 MOVE:  1.2207031250000000D-004      -0.0038084991891905    3380.7522103566107035    3392.2844138092723369
 MOVE:  6.1035156250000000D-005      -0.0038084991891905    3357.8685980518130236    3380.7522103566107035
 MOVE:  3.0517578125000000D-005      -0.0038084991891905    3312.8127230011191386    3357.8685980518130236
 MOVE:  1.5258789062500000D-005      -0.0038084991891905    3225.4548243222839119    3312.8127230011191386
 MOVE:  7.6293945312500000D-006      -0.0038084991891905    3061.0682941362069869    3225.4548243222839119
 MOVE:  3.8146972656250000D-006      -0.0038084991891905    2768.7752435064348902    3061.0682941362069869
 MOVE:  1.9073486328125000D-006      -0.0038084991891905    2299.6302890315896548    2768.7752435064348902
 MOVE:  9.5367431640625000D-007      -0.0038084991891905    1664.6226371731263498    2299.6302890315896548
 MOVE:  4.7683715820312500D-007      -0.0038084991891905     995.3552946691291936    1664.6226371731263498
 MOVE:  2.3841857910156250D-007      -0.0038084991891905     478.2049538817060466     995.3552946691291936
 MOVE:  1.1920928955078125D-007      -0.0038084991891905     187.3432914498762898     478.2049538817060466
 MOVE:  5.9604644775390625D-008      -0.0038084991891905      62.4724135368479452     187.3432914498762898
 MOVE:  2.9802322387695313D-008      -0.0038084991891905      18.5786643460445724      62.4724135368479452
 MOVE:  1.4901161193847656D-008      -0.0038084991891905       5.1237695669781242      18.5786643460445724
 MOVE:  7.4505805969238281D-009      -0.0038084991891905       1.3483493058091056       5.1237695669781242
 MOVE:  3.7252902984619141D-009      -0.0038084991891905       0.3437865645079341       1.3483493058091056
 MOVE:  1.8626451492309570D-009      -0.0038084991891905       0.0843388626435213       0.3437865645079341
 MOVE:  9.3132257461547852D-010      -0.0038084991891905       0.0183880083086223       0.0843388626435213
 MOVE:  4.6566128730773926D-010      -0.0038084991891905       0.0017608175770710       0.0183880083086223
 MOVE:  2.3283064365386963D-010      -0.0038084991891905      -0.0024136315658805       0.0017608175770710
 MOVE:  3.4924596548080444D-010      -0.0024136315658805      -0.0006729055431698       0.0017608175770710
 return from MOVE with
      24.7774878769556928     523.6577760428763213    -329.9424982866918299  1.7923724074626609D+006
 enter MOVE with M=           3
 MOVE:       0.5000000000000000      -0.0034679140633235    3771.4113536016216131    3771.4147846934301924
 MOVE:       0.2500000000000000      -0.0034679140633235    3771.4044914324549609    3771.4113536016216131
 MOVE:       0.1250000000000000      -0.0034679140633235    3771.3907671519946234    3771.4044914324549609
 MOVE:       0.0625000000000000      -0.0034679140633235    3771.3633188225826416    3771.3907671519946234
 MOVE:       0.0312500000000000      -0.0034679140633235    3771.3084230897256930    3771.3633188225826416
 MOVE:       0.0156250000000000      -0.0034679140633235    3771.1986353278002753    3771.3084230897256930
 MOVE:       0.0078125000000000      -0.0034679140633235    3770.9790746180456154    3771.1986353278002753
 MOVE:       0.0039062500000000      -0.0034679140633235    3770.5400124463922111    3770.9790746180456154
 MOVE:       0.0019531250000000      -0.0034679140633235    3769.6621250267071446    3770.5400124463922111
 MOVE:       0.0009765625000000      -0.0034679140633235    3767.9072973395232111    3769.6621250267071446
 MOVE:       0.0004882812500000      -0.0034679140633235    3764.4014262402429267    3767.9072973395232111
 MOVE:  2.4414062500000000D-004      -0.0034679140633235    3757.4047865542779618    3764.4014262402429267
 MOVE:  1.2207031250000000D-004      -0.0034679140633235    3743.4716418189213982    3757.4047865542779618
 MOVE:  6.1035156250000000D-005      -0.0034679140633235    3715.8437080082776447    3743.4716418189213982
 MOVE:  3.0517578125000000D-005      -0.0034679140633235    3661.5241207075864622    3715.8437080082776447
 MOVE:  1.5258789062500000D-005      -0.0034679140633235    3556.4978752253609855    3661.5241207075864622
 MOVE:  7.6293945312500000D-006      -0.0034679140633235    3359.9131713598708302    3556.4978752253609855
 MOVE:  3.8146972656250000D-006      -0.0034679140633235    3013.7672023692798575    3359.9131713598708302
 MOVE:  1.9073486328125000D-006      -0.0034679140633235    2467.3773936473121466    3013.7672023692798575
 MOVE:  9.5367431640625000D-007      -0.0034679140633235    1746.4232161100105714    2467.3773936473121466
 MOVE:  4.7683715820312500D-007      -0.0034679140633235    1011.8925397603571810    1746.4232161100105714
 MOVE:  2.3841857910156250D-007      -0.0034679140633235     466.7875841931124228    1011.8925397603571810
 MOVE:  1.1920928955078125D-007      -0.0034679140633235     174.2962141724064509     466.7875841931124228
 MOVE:  5.9604644775390625D-008      -0.0034679140633235      55.3612360090200113     174.2962141724064509
 MOVE:  2.9802322387695313D-008      -0.0034679140633235      15.8147749576155494      55.3612360090200113
 MOVE:  1.4901161193847656D-008      -0.0034679140633235       4.2428877551605275      15.8147749576155494
 MOVE:  7.4505805969238281D-009      -0.0034679140633235       1.0980461145780511       4.2428877551605275
 MOVE:  3.7252902984619141D-009      -0.0034679140633235       0.2771451290548783       1.0980461145780511
 MOVE:  1.8626451492309570D-009      -0.0034679140633235       0.0673559776105908       0.2771451290548783
 MOVE:  9.3132257461547852D-010      -0.0034679140633235       0.0143229446578363       0.0673559776105908
 MOVE:  4.6566128730773926D-010      -0.0034679140633235       0.0009904786379453       0.0143229446578363
 return from MOVE with
      26.0582715973261720     326.4863753447371550    -194.6885089645709286  1.6177821074771937D+006
 enter MOVE with M=           3
 MOVE:       0.5000000000000000      -0.0030588059429694    4003.3558791292202841    4003.3596809846653741
 MOVE:       0.2500000000000000      -0.0030588059429694    4003.3482754348815433    4003.3558791292202841
 MOVE:       0.1250000000000000      -0.0030588059429694    4003.3330681123361501    4003.3482754348815433
 MOVE:       0.0625000000000000      -0.0030588059429694    4003.3026537318414739    4003.3330681123361501
 MOVE:       0.0312500000000000      -0.0030588059429694    4003.2418260291806291    4003.3026537318414739
 MOVE:       0.0156250000000000      -0.0030588059429694    4003.1201748570574637    4003.2418260291806291
 MOVE:       0.0078125000000000      -0.0030588059429694    4002.8768894443119279    4003.1201748570574637
 MOVE:       0.0039062500000000      -0.0030588059429694    4002.3903863348882624    4002.8768894443119279
 MOVE:       0.0019531250000000      -0.0030588059429694    4001.4176509008975700    4002.3903863348882624
 MOVE:       0.0009765625000000      -0.0030588059429694    3999.4732625368374102    4001.4176509008975700
 MOVE:       0.0004882812500000      -0.0030588059429694    3995.5888107473351738    3999.4732625368374102
 MOVE:  2.4414062500000000D-004      -0.0030588059429694    3987.8371664026030885    3995.5888107473351738
 MOVE:  1.2207031250000000D-004      -0.0030588059429694    3972.4025920338649485    3987.8371664026030885
 MOVE:  6.1035156250000000D-005      -0.0030588059429694    3941.8057441244432084    3972.4025920338649485
 MOVE:  3.0517578125000000D-005      -0.0030588059429694    3881.6811842170150157    3941.8057441244432084
 MOVE:  1.5258789062500000D-005      -0.0030588059429694    3765.5539887328527584    3881.6811842170150157
 MOVE:  7.6293945312500000D-006      -0.0030588059429694    3548.6382867088782405    3765.5539887328527584
 MOVE:  3.8146972656250000D-006      -0.0030588059429694    3168.1889184566457516    3548.6382867088782405
 MOVE:  1.9073486328125000D-006      -0.0030588059429694    2571.9524071254581941    3168.1889184566457516
 MOVE:  9.5367431640625000D-007      -0.0030588059429694    1794.9365109784457673    2571.9524071254581941
 MOVE:  4.7683715820312500D-007      -0.0030588059429694    1018.7263207248792014    1794.9365109784457673
 MOVE:  2.3841857910156250D-007      -0.0030588059429694     458.2919499022124228    1018.7263207248792014
 MOVE:  1.1920928955078125D-007      -0.0030588059429694     167.0103839679439091     458.2919499022124228
 MOVE:  5.9604644775390625D-008      -0.0030588059429694      52.0484480477889235     167.0103839679439091
 MOVE:  2.9802322387695313D-008      -0.0030588059429694      14.6842805887752945      52.0484480477889235
 MOVE:  1.4901161193847656D-008      -0.0030588059429694       3.9114037112466589      14.6842805887752945
 MOVE:  7.4505805969238281D-009      -0.0030588059429694       1.0084672251117190       3.9114037112466589
 MOVE:  3.7252902984619141D-009      -0.0030588059429694       0.2541230046287386       1.0084672251117190
 MOVE:  1.8626451492309570D-009      -0.0030588059429694       0.0617869443000887       0.2541230046287386
 MOVE:  9.3132257461547852D-010      -0.0030588059429694       0.0132222587754014       0.0617869443000887
 MOVE:  4.6566128730773926D-010      -0.0030588059429694       0.0010202176197810       0.0132222587754014
 MOVE:  2.3283064365386963D-010      -0.0030588059429694      -0.0020379519555497       0.0010202176197810
 MOVE:  3.4924596548080444D-010      -0.0020379519555497      -0.0007631204754791       0.0010202176197810
 return from MOVE with
     -22.4956721045771530     214.8626719907639142    -112.4772847061801144  1.5249385830532990D+006
 enter MOVE with M=           3
 MOVE:       0.5000000000000000      -0.0021130120908314    4036.8411426414559173    4036.8452418179881533
 MOVE:       0.2500000000000000      -0.0021130120908314    4036.8329443078791883    4036.8411426414559173
 MOVE:       0.1250000000000000      -0.0021130120908314    4036.8165477186771568    4036.8329443078791883
 MOVE:       0.0625000000000000      -0.0021130120908314    4036.7837548521338249    4036.8165477186771568
 MOVE:       0.0312500000000000      -0.0021130120908314    4036.7181703664150518    4036.7837548521338249
 MOVE:       0.0156250000000000      -0.0021130120908314    4036.5870063842180571    4036.7181703664150518
 MOVE:       0.0078125000000000      -0.0021130120908314    4036.3246983752596861    4036.5870063842180571
 MOVE:       0.0039062500000000      -0.0021130120908314    4035.8001621662369871    4036.3246983752596861
 MOVE:       0.0019531250000000      -0.0021130120908314    4034.7514088811494730    4035.8001621662369871
 MOVE:       0.0009765625000000      -0.0021130120908314    4032.6551780229551696    4034.7514088811494730
 MOVE:       0.0004882812500000      -0.0021130120908314    4028.4678126033136323    4032.6551780229551696
 MOVE:  2.4414062500000000D-004      -0.0021130120908314    4020.1134146781546406    4028.4678126033136323
 MOVE:  1.2207031250000000D-004      -0.0021130120908314    4003.4855344675715969    4020.1134146781546406
 MOVE:  6.1035156250000000D-005      -0.0021130120908314    3970.5501427750818948    4003.4855344675715969
 MOVE:  3.0517578125000000D-005      -0.0021130120908314    3905.9350213701513894    3970.5501427750818948
 MOVE:  1.5258789062500000D-005      -0.0021130120908314    3781.5291834969889351    3905.9350213701513894
 MOVE:  7.6293945312500000D-006      -0.0021130120908314    3550.5512144618314778    3781.5291834969889351
 MOVE:  3.8146972656250000D-006      -0.0021130120908314    3149.8927775356696657    3550.5512144618314778
 MOVE:  1.9073486328125000D-006      -0.0021130120908314    2533.5518636673514266    3149.8927775356696657
 MOVE:  9.5367431640625000D-007      -0.0021130120908314    1751.5840062143399791    2533.5518636673514266
 MOVE:  4.7683715820312500D-007      -0.0021130120908314     992.8089817664636030    1751.5840062143399791
 MOVE:  2.3841857910156250D-007      -0.0021130120908314     453.8337346077161669     992.8089817664636030
 MOVE:  1.1920928955078125D-007      -0.0021130120908314     170.7639325970308164     453.8337346077161669
 MOVE:  5.9604644775390625D-008      -0.0021130120908314      55.1661739571837018     170.7639325970308164
 MOVE:  2.9802322387695313D-008      -0.0021130120908314      16.0304810806925992      55.1661739571837018
 MOVE:  1.4901161193847656D-008      -0.0021130120908314       4.3569145587421536      16.0304810806925992
 MOVE:  7.4505805969238281D-009      -0.0021130120908314       1.1377707937959625       4.3569145587421536
 MOVE:  3.7252902984619141D-009      -0.0021130120908314       0.2896120351839689       1.1377707937959625
 MOVE:  1.8626451492309570D-009      -0.0021130120908314       0.0716972005246873       0.2896120351839689
 MOVE:  9.3132257461547852D-010      -0.0021130120908314       0.0164517350214172       0.0716972005246873
 MOVE:  4.6566128730773926D-010      -0.0021130120908314       0.0025423496750810       0.0164517350214172
 MOVE:  2.3283064365386963D-010      -0.0021130120908314      -0.0009473901759040       0.0025423496750810
 return from MOVE with
       2.1119353913245309     178.3855247788243901    -114.1376459357672246  1.5138956728155909D+006
 enter MOVE with M=           3
 MOVE:       0.5000000000000000      -0.0009789228772811    4113.6308799331600312    4113.6349240303288752
 MOVE:       0.2500000000000000      -0.0009789228772811    4113.6227917572641672    4113.6308799331600312
 MOVE:       0.1250000000000000      -0.0009789228772811    4113.6066154791842564    4113.6227917572641672
 MOVE:       0.0625000000000000      -0.0009789228772811    4113.5742632179490101    4113.6066154791842564
 MOVE:       0.0312500000000000      -0.0009789228772811    4113.5095598750731369    4113.5742632179490101
 MOVE:       0.0156250000000000      -0.0009789228772811    4113.3801579075561676    4113.5095598750731369
 MOVE:       0.0078125000000000      -0.0009789228772811    4113.1213728440498016    4113.3801579075561676
 MOVE:       0.0039062500000000      -0.0009789228772811    4112.6038781913994171    4113.1213728440498016
 MOVE:       0.0019531250000000      -0.0009789228772811    4111.5691906901229231    4112.6038781913994171
 MOVE:       0.0009765625000000      -0.0009789228772811    4109.5010221566371911    4111.5691906901229231
 MOVE:       0.0004882812500000      -0.0009789228772811    4105.3695049970438049    4109.5010221566371911
 MOVE:  2.4414062500000000D-004      -0.0009789228772811    4097.1257026773273537    4105.3695049970438049
 MOVE:  1.2207031250000000D-004      -0.0009789228772811    4080.7146469141298439    4097.1257026773273537
 MOVE:  6.1035156250000000D-005      -0.0009789228772811    4048.1957283194265074    4080.7146469141298439
 MOVE:  3.0517578125000000D-005      -0.0009789228772811    3984.3471189621527628    4048.1957283194265074
 MOVE:  1.5258789062500000D-005      -0.0009789228772811    3861.2257892690263361    3984.3471189621527628
 MOVE:  7.6293945312500000D-006      -0.0009789228772811    3631.9469426280361404    3861.2257892690263361
 MOVE:  3.8146972656250000D-006      -0.0009789228772811    3232.0185427768788031    3631.9469426280361404
 MOVE:  1.9073486328125000D-006      -0.0009789228772811    2610.8768652028893484    3232.0185427768788031
 MOVE:  9.5367431640625000D-007      -0.0009789228772811    1811.5025879784786866    2610.8768652028893484
 MOVE:  4.7683715820312500D-007      -0.0009789228772811    1023.6235947201455474    1811.5025879784786866
 MOVE:  2.3841857910156250D-007      -0.0009789228772811     460.1358289282460987    1023.6235947201455474
 MOVE:  1.1920928955078125D-007      -0.0009789228772811     168.0537880208798924     460.1358289282460987
 MOVE:  5.9604644775390625D-008      -0.0009789228772811      52.5220352009769442     168.0537880208798924
 MOVE:  2.9802322387695313D-008      -0.0009789228772811      14.8476067427937082      52.5220352009769442
 MOVE:  1.4901161193847656D-008      -0.0009789228772811       3.9600175500191659      14.8476067427937082
 MOVE:  7.4505805969238281D-009      -0.0009789228772811       1.0229072086934359       3.9600175500191659
 MOVE:  3.7252902984619141D-009      -0.0009789228772811       0.2593711851060330       1.0229072086934359
 MOVE:  1.8626451492309570D-009      -0.0009789228772811       0.0646673700277509       0.2593711851060330
 MOVE:  9.3132257461547852D-010      -0.0009789228772811       0.0155032308490091       0.0646673700277509
 MOVE:  4.6566128730773926D-010      -0.0009789228772811       0.0031504846788808       0.0155032308490091
 MOVE:  2.3283064365386963D-010      -0.0009789228772811  5.4540582955620032D-005       0.0031504846788808
 return from MOVE with
       9.4212307877557357     163.3222854243574034    -102.3676397679975594  1.4878904070340358D+006
 enter MOVE with M=           3
 MOVE:       0.5000000000000000      -0.0035026491839885    4054.2128207703876797    4054.2167960946198946
 MOVE:       0.2500000000000000      -0.0035026491839885    4054.2048701400171922    4054.2128207703876797
 MOVE:       0.1250000000000000      -0.0035026491839885    4054.1889689516365252    4054.2048701400171922
 MOVE:       0.0625000000000000      -0.0035026491839885    4054.1571668643518933    4054.1889689516365252
 MOVE:       0.0312500000000000      -0.0035026491839885    4054.0935638476162239    4054.1571668643518933
 MOVE:       0.0156250000000000      -0.0035026491839885    4053.9663624453824013    4054.0935638476162239
 MOVE:       0.0078125000000000      -0.0035026491839885    4053.7119781643209535    4053.9663624453824013
 MOVE:       0.0039062500000000      -0.0035026491839885    4053.2032836845014572    4053.7119781643209535
 MOVE:       0.0019531250000000      -0.0035026491839885    4052.1861909628350986    4053.2032836845014572
 MOVE:       0.0009765625000000      -0.0035026491839885    4050.1531897421436952    4052.1861909628350986
 MOVE:       0.0004882812500000      -0.0035026491839885    4046.0919183647542923    4050.1531897421436952
 MOVE:  2.4414062500000000D-004      -0.0035026491839885    4037.9882533686518400    4046.0919183647542923
 MOVE:  1.2207031250000000D-004      -0.0035026491839885    4021.8560642871357231    4037.9882533686518400
 MOVE:  6.1035156250000000D-005      -0.0035026491839885    3989.8893181234861913    4021.8560642871357231
 MOVE:  3.0517578125000000D-005      -0.0035026491839885    3927.1233610327653878    3989.8893181234861913
 MOVE:  1.5258789062500000D-005      -0.0035026491839885    3806.0847284652031703    3927.1233610327653878
 MOVE:  7.6293945312500000D-006      -0.0035026491839885    3580.6706371668565225    3806.0847284652031703
 MOVE:  3.8146972656250000D-006      -0.0035026491839885    3187.4623239021047993    3580.6706371668565225
 MOVE:  1.9073486328125000D-006      -0.0035026491839885    2576.7838971590772417    3187.4623239021047993
 MOVE:  9.5367431640625000D-007      -0.0035026491839885    1791.0217946168388607    2576.7838971590772417
 MOVE:  4.7683715820312500D-007      -0.0035026491839885    1016.2929900181579796    1791.0217946168388607
 MOVE:  2.3841857910156250D-007      -0.0035026491839885     460.4730985464237847    1016.2929900181579796
 MOVE:  1.1920928955078125D-007      -0.0035026491839885     170.0093845059318767     460.4730985464237847
 MOVE:  5.9604644775390625D-008      -0.0035026491839885      53.7349469618982951     170.0093845059318767
 MOVE:  2.9802322387695313D-008      -0.0035026491839885      15.3449701220530770      53.7349469618982951
 MOVE:  1.4901161193847656D-008      -0.0035026491839885       4.1264338609239699      15.3449701220530770
 MOVE:  7.4505805969238281D-009      -0.0035026491839885       1.0710943480680766       4.1264338609239699
 MOVE:  3.7252902984619141D-009      -0.0035026491839885       0.2709341186546044       1.0710943480680766
 MOVE:  1.8626451492309570D-009      -0.0035026491839885       0.0658735980332814       0.2709341186546044
 MOVE:  9.3132257461547852D-010      -0.0035026491839885       0.0139405302185960       0.0658735980332814
 MOVE:  4.6566128730773926D-010      -0.0035026491839885       0.0008707575376184       0.0139405302185960
 return from MOVE with
     106.1114260332675343     637.0458713196508143    -316.5853448521455107  1.5057439855534143D+006
 enter MOVE with M=           3
 MOVE:       0.5000000000000000      -0.0087527872864542    4347.1433903710640152    4347.1479711763058731
 MOVE:       0.2500000000000000      -0.0087527872864542    4347.1342287827956170    4347.1433903710640152
 MOVE:       0.1250000000000000      -0.0087527872864542    4347.1159056950327795    4347.1342287827956170
 MOVE:       0.0625000000000000      -0.0087527872864542    4347.0792598746584190    4347.1159056950327795
 MOVE:       0.0312500000000000      -0.0087527872864542    4347.0059696544622057    4347.0792598746584190
 MOVE:       0.0156250000000000      -0.0087527872864542    4346.8593948959314730    4347.0059696544622057
 MOVE:       0.0078125000000000      -0.0087527872864542    4346.5662681046533180    4346.8593948959314730
 MOVE:       0.0039062500000000      -0.0087527872864542    4345.9801054103209026    4346.5662681046533180
 MOVE:       0.0019531250000000      -0.0087527872864542    4344.8081434560172056    4345.9801054103209026
 MOVE:       0.0009765625000000      -0.0087527872864542    4342.4656723372363558    4344.8081434560172056
 MOVE:       0.0004882812500000      -0.0087527872864542    4337.7865336876757283    4342.4656723372363558
 MOVE:  2.4414062500000000D-004      -0.0087527872864542    4328.4514103300934948    4337.7865336876757283
 MOVE:  1.2207031250000000D-004      -0.0087527872864542    4309.8732986437889849    4328.4514103300934948
 MOVE:  6.1035156250000000D-005      -0.0087527872864542    4273.0818097878154731    4309.8732986437889849
 MOVE:  3.0517578125000000D-005      -0.0087527872864542    4200.9279567863968623    4273.0818097878154731
 MOVE:  1.5258789062500000D-005      -0.0087527872864542    4062.1079352381434546    4200.9279567863968623
 MOVE:  7.6293945312500000D-006      -0.0087527872864542    3804.7310781735936871    4062.1079352381434546
 MOVE:  3.8146972656250000D-006      -0.0087527872864542    3359.4853381078510211    3804.7310781735936871
 MOVE:  1.9073486328125000D-006      -0.0087527872864542    2678.0230572289151496    3359.4853381078510211
 MOVE:  9.5367431640625000D-007      -0.0087527872864542    1821.5728899753667065    2678.0230572289151496
 MOVE:  4.7683715820312500D-007      -0.0087527872864542    1005.0518921491852780    1821.5728899753667065
 MOVE:  2.3841857910156250D-007      -0.0087527872864542     442.7439160987954665    1005.0518921491852780
 MOVE:  1.1920928955078125D-007      -0.0087527872864542     160.2830765146759688     442.7439160987954665
 MOVE:  5.9604644775390625D-008      -0.0087527872864542      50.2283830891133789     160.2830765146759688
 MOVE:  2.9802322387695313D-008      -0.0087527872864542      14.3057601149220890      50.2283830891133789
 MOVE:  1.4901161193847656D-008      -0.0087527872864542       3.8377658471293365      14.3057601149220890
 MOVE:  7.4505805969238281D-009      -0.0087527872864542       0.9904475961590009       3.8377658471293365
 MOVE:  3.7252902984619141D-009      -0.0087527872864542       0.2460470286467951       0.9904475961590009
 MOVE:  1.8626451492309570D-009      -0.0087527872864542       0.0555929541271660       0.2460470286467951
 MOVE:  9.3132257461547852D-010      -0.0087527872864542       0.0074157380928974       0.0555929541271660
 MOVE:  4.6566128730773926D-010      -0.0087527872864542      -0.0047003071146047       0.0074157380928974
 MOVE:  6.9849193096160889D-010      -0.0047003071146047  3.5363410118083305D-004       0.0074157380928974
 return from MOVE with
      18.8663423921671480     614.1926819038762915    -397.7102715602663352  1.3968686184689617D+006
 enter MOVE with M=           3
 MOVE:       0.5000000000000000      -0.0093317243041374    4545.2217975491103061    4545.2267696606750178
 MOVE:       0.2500000000000000      -0.0093317243041374    4545.2118533508319160    4545.2217975491103061
 MOVE:       0.1250000000000000      -0.0093317243041374    4545.1919650536137851    4545.2118533508319160
 MOVE:       0.0625000000000000      -0.0093317243041374    4545.1521888565912377    4545.1919650536137851
 MOVE:       0.0312500000000000      -0.0093317243041374    4545.0726380520818566    4545.1521888565912377
 MOVE:       0.0156250000000000      -0.0093317243041374    4544.9135428010240503    4545.0726380520818566
 MOVE:       0.0078125000000000      -0.0093317243041374    4544.5953777285449178    4544.9135428010240503
 MOVE:       0.0039062500000000      -0.0093317243041374    4543.9591492851614021    4544.5953777285449178
 MOVE:       0.0019531250000000      -0.0093317243041374    4542.6870990684028584    4543.9591492851614021
 MOVE:       0.0009765625000000      -0.0093317243041374    4540.1446242260926738    4542.6870990684028584
 MOVE:       0.0004882812500000      -0.0093317243041374    4535.0661682066674985    4540.1446242260926738
 MOVE:  2.4414062500000000D-004      -0.0093317243041374    4524.9351614205179430    4535.0661682066674985
 MOVE:  1.2207031250000000D-004      -0.0093317243041374    4504.7762165890835604    4524.9351614205179430
 MOVE:  6.1035156250000000D-005      -0.0093317243041374    4464.8662311476673494    4504.7762165890835604
 MOVE:  3.0517578125000000D-005      -0.0093317243041374    4386.6436538035686681    4464.8662311476673494
 MOVE:  1.5258789062500000D-005      -0.0093317243041374    4236.3256745104108631    4386.6436538035686681
 MOVE:  7.6293945312500000D-006      -0.0093317243041374    3958.2668979576455968    4236.3256745104108631
 MOVE:  3.8146972656250000D-006      -0.0093317243041374    3479.2918358138540498    3958.2668979576455968
 MOVE:  1.9073486328125000D-006      -0.0093317243041374    2751.7195154642936359    3479.2918358138540498
 MOVE:  9.5367431640625000D-007      -0.0093317243041374    1848.4420267903196873    2751.7195154642936359
 MOVE:  4.7683715820312500D-007      -0.0093317243041374    1002.3222628775089333    1848.4420267903196873
 MOVE:  2.3841857910156250D-007      -0.0093317243041374     432.4125592875856228    1002.3222628775089333
 MOVE:  1.1920928955078125D-007      -0.0093317243041374     153.1231529524076791     432.4125592875856228
 MOVE:  5.9604644775390625D-008      -0.0093317243041374      47.0125365566359577     153.1231529524076791
 MOVE:  2.9802322387695313D-008      -0.0093317243041374      13.1746676417294868      47.0125365566359577
 MOVE:  1.4901161193847656D-008      -0.0093317243041374       3.4952441040940565      13.1746676417294868
 MOVE:  7.4505805969238281D-009      -0.0093317243041374       0.8952115821436812       3.4952441040940565
 MOVE:  3.7252902984619141D-009      -0.0093317243041374       0.2205182975416276       0.8952115821436812
 MOVE:  1.8626451492309570D-009      -0.0093317243041374       0.0486060135340123       0.2205182975416276
 MOVE:  9.3132257461547852D-010      -0.0093317243041374       0.0052128225887668       0.0486060135340123
 MOVE:  4.6566128730773926D-010      -0.0093317243041374      -0.0056880284845956       0.0052128225887668
 MOVE:  6.9849193096160889D-010      -0.0056880284845956      -0.0011419211913646       0.0052128225887668
 MOVE:  8.1490725278854370D-010      -0.0011419211913646       0.0018097231743693       0.0052128225887668
 MOVE:  7.5669959187507629D-010      -0.0011419211913646  2.7742516071460610D-004       0.0018097231743693
 return from MOVE with
     -11.2431374017621959     444.6061593051393857    -303.2534298008985161  1.3345464258279244D+006
 enter MOVE with M=           3
 MOVE:       0.5000000000000000      -0.0083096077062698    5046.2706673338825567    5046.2768194039808805
 MOVE:       0.2500000000000000      -0.0083096077062698    5046.2583632281666723    5046.2706673338825567
 MOVE:       0.1250000000000000      -0.0083096077062698    5046.2337551547225303    5046.2583632281666723
 MOVE:       0.0625000000000000      -0.0083096077062698    5046.1845395597420065    5046.2337551547225303
 MOVE:       0.0312500000000000      -0.0083096077062698    5046.0861105773683448    5046.1845395597420065
 MOVE:       0.0156250000000000      -0.0083096077062698    5045.8892614425494685    5046.0861105773683448
 MOVE:       0.0078125000000000      -0.0083096077062698    5045.4955984892512788    5045.8892614425494685
 MOVE:       0.0039062500000000      -0.0083096077062698    5044.7084138213313054    5045.4955984892512788
 MOVE:       0.0019531250000000      -0.0083096077062698    5043.1346092266121559    5044.7084138213313054
 MOVE:       0.0009765625000000      -0.0083096077062698    5039.9892572941216713    5043.1346092266121559
 MOVE:       0.0004882812500000      -0.0083096077062698    5033.7075688181630539    5039.9892572941216713
 MOVE:  2.4414062500000000D-004      -0.0083096077062698    5021.1801446461604428    5033.7075688181630539
 MOVE:  1.2207031250000000D-004      -0.0083096077062698    4996.2682425320035691    5021.1801446461604428
 MOVE:  6.1035156250000000D-005      -0.0083096077062698    4947.0093881757165946    4996.2682425320035691
 MOVE:  3.0517578125000000D-005      -0.0083096077062698    4850.6981114044438073    4947.0093881757165946
 MOVE:  1.5258789062500000D-005      -0.0083096077062698    4666.4943648201888209    4850.6981114044438073
 MOVE:  7.6293945312500000D-006      -0.0083096077062698    4328.7983160557478186    4666.4943648201888209
 MOVE:  3.8146972656250000D-006      -0.0083096077062698    3756.4384605680625100    4328.7983160557478186
 MOVE:  1.9073486328125000D-006      -0.0083096077062698    2910.0339700741719753    3756.4384605680625100
 MOVE:  9.5367431640625000D-007      -0.0083096077062698    1899.3439557693375264    2910.0339700741719753
 MOVE:  4.7683715820312500D-007      -0.0083096077062698     996.3002075342021726    1899.3439557693375264
 MOVE:  2.3841857910156250D-007      -0.0083096077062698     416.1913812509289414     996.3002075342021726
 MOVE:  1.1920928955078125D-007      -0.0083096077062698     143.3338296919861250     416.1913812509289414
 MOVE:  5.9604644775390625D-008      -0.0083096077062698      43.0530185251224253     143.3338296919861250
 MOVE:  2.9802322387695313D-008      -0.0083096077062698      11.8811147700082991      43.0530185251224253
 MOVE:  1.4901161193847656D-008      -0.0083096077062698       3.1220887321511714      11.8811147700082991
 MOVE:  7.4505805969238281D-009      -0.0083096077062698       0.7952910066680466       3.1220887321511714
 MOVE:  3.7252902984619141D-009      -0.0083096077062698       0.1952989132391395       0.7952910066680466
 MOVE:  1.8626451492309570D-009      -0.0083096077062698       0.0429364514816660       0.1952989132391395
 MOVE:  9.3132257461547852D-010      -0.0083096077062698       0.0045452405050613       0.0429364514816660
 MOVE:  4.6566128730773926D-010      -0.0083096077062698      -0.0050904573967399       0.0045452405050613
 MOVE:  6.9849193096160889D-010      -0.0050904573967399      -0.0010726416074306       0.0045452405050613
 MOVE:  8.1490725278854370D-010      -0.0010726416074306       0.0015365449787254       0.0045452405050613
 MOVE:  7.5669959187507629D-010      -0.0010726416074306  1.8198136690017463D-004       0.0015365449787254
 return from MOVE with
      -7.0117855427548461     278.5658193911478975    -170.8852059201346663  1.2033126484349824D+006
 enter MOVE with M=           3
 MOVE:       0.5000000000000000      -0.0074348217526392    5421.7711686089051000    5421.7784452010755558
 MOVE:       0.2500000000000000      -0.0074348217526392    5421.7566154703063148    5421.7711686089051000
 MOVE:       0.1250000000000000      -0.0074348217526392    5421.7275093761418248    5421.7566154703063148
 MOVE:       0.0625000000000000      -0.0074348217526392    5421.6692979198496687    5421.7275093761418248
 MOVE:       0.0312500000000000      -0.0074348217526392    5421.5528779353471691    5421.6692979198496687
 MOVE:       0.0156250000000000      -0.0074348217526392    5421.3200496781018956    5421.5528779353471691
 MOVE:       0.0078125000000000      -0.0074348217526392    5420.8544400056325685    5421.3200496781018956
 MOVE:       0.0039062500000000      -0.0074348217526392    5419.9234079883872255    5420.8544400056325685
 MOVE:       0.0019531250000000      -0.0074348217526392    5418.0620929424158021    5419.9234079883872255
 MOVE:       0.0009765625000000      -0.0074348217526392    5414.3424562279324164    5418.0620929424158021
 MOVE:       0.0004882812500000      -0.0074348217526392    5406.9151357340060713    5414.3424562279324164
 MOVE:  2.4414062500000000D-004      -0.0074348217526392    5392.1081424659550976    5406.9151357340060713
 MOVE:  1.2207031250000000D-004      -0.0074348217526392    5362.6834438643600151    5392.1081424659550976
 MOVE:  6.1035156250000000D-005      -0.0074348217526392    5304.5809202466307397    5362.6834438643600151
 MOVE:  3.0517578125000000D-005      -0.0074348217526392    5191.2834040708130487    5304.5809202466307397
 MOVE:  1.5258789062500000D-005      -0.0074348217526392    4975.7130272745216644    5191.2834040708130487
 MOVE:  7.6293945312500000D-006      -0.0074348217526392    4584.3188379004504895    4975.7130272745216644
 MOVE:  3.8146972656250000D-006      -0.0074348217526392    3932.1055927709430762    4584.3188379004504895
 MOVE:  1.9073486328125000D-006      -0.0074348217526392    2993.0779928409820059    3932.1055927709430762
 MOVE:  9.5367431640625000D-007      -0.0074348217526392    1911.3355465598210685    2993.0779928409820059
 MOVE:  4.7683715820312500D-007      -0.0074348217526392     981.8288150878074703    1911.3355465598210685
 MOVE:  2.3841857910156250D-007      -0.0074348217526392     404.4788652437449628     981.8288150878074703
 MOVE:  1.1920928955078125D-007      -0.0074348217526392     138.8830867281636756     404.4788652437449628
 MOVE:  5.9604644775390625D-008      -0.0074348217526392      42.0465492634796405     138.8830867281636756
 MOVE:  2.9802322387695313D-008      -0.0074348217526392      11.7663789425679770      42.0465492634796405
 MOVE:  1.4901161193847656D-008      -0.0074348217526392       3.1347122721265013      11.7663789425679770
 MOVE:  7.4505805969238281D-009      -0.0074348217526392       0.8070971362722363       3.1347122721265013
 MOVE:  3.7252902984619141D-009      -0.0074348217526392       0.2001746424982123       0.8070971362722363
 MOVE:  1.8626451492309570D-009      -0.0074348217526392       0.0449907604712743       0.2001746424982123
 MOVE:  9.3132257461547852D-010      -0.0074348217526392       0.0057387692864385       0.0449907604712743
 MOVE:  4.6566128730773926D-010      -0.0074348217526392      -0.0041329069535549       0.0057387692864385
 MOVE:  6.9849193096160889D-010      -0.0041329069535549 -1.5117561584010453D-005       0.0057387692864385
 return from MOVE with
       4.3411907762270756     255.8452874343135193    -165.1258989919994633  1.1210836975304834D+006
 enter MOVE with M=           3
 MOVE:       0.5000000000000000      -0.0034131686035911    5513.8990204886049469    5513.9061209325818709
 MOVE:       0.2500000000000000      -0.0034131686035911    5513.8848196418439329    5513.8990204886049469
 MOVE:       0.1250000000000000      -0.0034131686035911    5513.8564181130168436    5513.8848196418439329
 MOVE:       0.0625000000000000      -0.0034131686035911    5513.7996157142588345    5513.8564181130168436
 MOVE:       0.0312500000000000      -0.0034131686035911    5513.6860135522392738    5513.7996157142588345
 MOVE:       0.0156250000000000      -0.0034131686035911    5513.4588197696602947    5513.6860135522392738
 MOVE:       0.0078125000000000      -0.0034131686035911    5513.0044743662765541    5513.4588197696602947
 MOVE:       0.0039062500000000      -0.0034131686035911    5512.0959521742151992    5513.0044743662765541
 MOVE:       0.0019531250000000      -0.0034131686035911    5510.2795819891007341    5512.0959521742151992
 MOVE:       0.0009765625000000      -0.0034131686035911    5506.6495363394305969    5510.2795819891007341
 MOVE:       0.0004882812500000      -0.0034131686035911    5499.4002073424080663    5506.6495363394305969
 MOVE:  2.4414062500000000D-004      -0.0034131686035911    5484.9444663291114921    5499.4002073424080663
 MOVE:  1.2207031250000000D-004      -0.0034131686035911    5456.2036009076182381    5484.9444663291114921
 MOVE:  6.1035156250000000D-005      -0.0034131686035911    5399.3960288505004428    5456.2036009076182381
 MOVE:  3.0517578125000000D-005      -0.0034131686035911    5288.4126658119466811    5399.3960288505004428
 MOVE:  1.5258789062500000D-005      -0.0034131686035911    5076.4787375172336397    5288.4126658119466811
 MOVE:  7.6293945312500000D-006      -0.0034131686035911    4689.1443859727869494    5076.4787375172336397
 MOVE:  3.8146972656250000D-006      -0.0034131686035911    4036.5973741702050575    4689.1443859727869494
 MOVE:  1.9073486328125000D-006      -0.0034131686035911    3082.5471621073647839    4036.5973741702050575
 MOVE:  9.5367431640625000D-007      -0.0034131686035911    1966.0792401798164519    3082.5471621073647839
 MOVE:  4.7683715820312500D-007      -0.0034131686035911     999.6282852950924962    1966.0792401798164519
 MOVE:  2.3841857910156250D-007      -0.0034131686035911     403.9223913101187122     999.6282852950924962
 MOVE:  1.1920928955078125D-007      -0.0034131686035911     135.4087389527363428     403.9223913101187122
 MOVE:  5.9604644775390625D-008      -0.0034131686035911      40.0062682453086254     135.4087389527363428
 MOVE:  2.9802322387695313D-008      -0.0034131686035911      10.9570898056937729      40.0062682453086254
 MOVE:  1.4901161193847656D-008      -0.0034131686035911       2.8739324898127081      10.9570898056937729
 MOVE:  7.4505805969238281D-009      -0.0034131686035911       0.7345516748538528       2.8739324898127081
 MOVE:  3.7252902984619141D-009      -0.0034131686035911       0.1835193787700224       0.7345516748538528
 MOVE:  1.8626451492309570D-009      -0.0034131686035911       0.0436330706841128       0.1835193787700224
 MOVE:  9.3132257461547852D-010      -0.0034131686035911       0.0083880581246332       0.0436330706841128
 MOVE:  4.6566128730773926D-010      -0.0034131686035911 -4.5786935091196579D-004       0.0083880581246332
 return from MOVE with
     -36.6541830345446442      58.9583151368313665     -27.9356453303046948  1.1071931467912791D+006
 enter MOVE with M=           3
 MOVE:       0.5000000000000000      -0.0029405728631808    5566.7562440071724268    5566.7642698231020404
 MOVE:       0.2500000000000000      -0.0029405728631808    5566.7401924297582809    5566.7562440071724268
 MOVE:       0.1250000000000000      -0.0029405728631808    5566.7080894926666588    5566.7401924297582809
 MOVE:       0.0625000000000000      -0.0029405728631808    5566.6438844895046714    5566.7080894926666588
 MOVE:       0.0312500000000000      -0.0029405728631808    5566.5154779672038785    5566.6438844895046714
 MOVE:       0.0156250000000000      -0.0029405728631808    5566.2586788578082633    5566.5154779672038785
 MOVE:       0.0078125000000000      -0.0029405728631808    5565.7451363734508050    5566.2586788578082633
 MOVE:       0.0039062500000000      -0.0029405728631808    5564.7182742911782043    5565.7451363734508050
 MOVE:       0.0019531250000000      -0.0029405728631808    5562.6654412618108836    5564.7182742911782043
 MOVE:       0.0009765625000000      -0.0029405728631808    5558.5633364629829885    5562.6654412618108836
 MOVE:       0.0004882812500000      -0.0029405728631808    5550.3733457075686601    5558.5633364629829885
 MOVE:  2.4414062500000000D-004      -0.0029405728631808    5534.0500307694610456    5550.3733457075686601
 MOVE:  1.2207031250000000D-004      -0.0029405728631808    5501.6284092600208169    5534.0500307694610456
 MOVE:  6.1035156250000000D-005      -0.0029405728631808    5437.6721324912123237    5501.6284092600208169
 MOVE:  3.0517578125000000D-005      -0.0029405728631808    5313.2059534214567975    5437.6721324912123237
 MOVE:  1.5258789062500000D-005      -0.0029405728631808    5077.2931581493476187    5313.2059534214567975
 MOVE:  7.6293945312500000D-006      -0.0029405728631808    4652.0751142719173004    5077.2931581493476187
 MOVE:  3.8146972656250000D-006      -0.0029405728631808    3952.7714601204638711    4652.0751142719173004
 MOVE:  1.9073486328125000D-006      -0.0029405728631808    2967.7015331821748987    3952.7714601204638711
 MOVE:  9.5367431640625000D-007      -0.0029405728631808    1867.8761798906375589    2967.7015331821748987
 MOVE:  4.7683715820312500D-007      -0.0029405728631808     955.2433112297115940    1867.8761798906375589
 MOVE:  2.3841857910156250D-007      -0.0029405728631808     401.1018134530250450     955.2433112297115940
 MOVE:  1.1920928955078125D-007      -0.0029405728631808     143.8569032211329386     401.1018134530250450
 MOVE:  5.9604644775390625D-008      -0.0029405728631808      45.7926288648253035     143.8569032211329386
 MOVE:  2.9802322387695313D-008      -0.0029405728631808      13.3174706307008144      45.7926288648253035
 MOVE:  1.4901161193847656D-008      -0.0029405728631808       3.6327844505264091      13.3174706307008144
 MOVE:  7.4505805969238281D-009      -0.0029405728631808       0.9505568702468596       3.6327844505264091
 MOVE:  3.7252902984619141D-009      -0.0029405728631808       0.2414884468635152       0.9505568702468596
 MOVE:  1.8626451492309570D-009      -0.0029405728631808       0.0589570789632063       0.2414884468635152
 MOVE:  9.3132257461547852D-010      -0.0029405728631808       0.0126348534349148       0.0589570789632063
 MOVE:  4.6566128730773926D-010      -0.0029405728631808       0.0009660525725923       0.0126348534349148
 return from MOVE with
       6.1307450872236613      97.9748407407337112     -64.0656857517363676  1.0971500095029676D+006
 enter MOVE with M=           3
 MOVE:       0.5000000000000000      -0.0014628372548132    5568.1565998175465211    5568.1638101213957270
 MOVE:       0.2500000000000000      -0.0014628372548132    5568.1421792519076917    5568.1565998175465211
 MOVE:       0.1250000000000000      -0.0014628372548132    5568.1133382888838241    5568.1421792519076917
 MOVE:       0.0625000000000000      -0.0014628372548132    5568.0556570358421595    5568.1133382888838241
 MOVE:       0.0312500000000000      -0.0014628372548132    5567.9402972216566923    5568.0556570358421595
 MOVE:       0.0156250000000000      -0.0014628372548132    5567.7095883604260962    5567.9402972216566923
 MOVE:       0.0078125000000000      -0.0014628372548132    5567.2482137023398536    5567.7095883604260962
 MOVE:       0.0039062500000000      -0.0014628372548132    5566.3256366102350512    5567.2482137023398536
 MOVE:       0.0019531250000000      -0.0014628372548132    5564.4811710556696198    5566.3256366102350512
 MOVE:       0.0009765625000000      -0.0014628372548132    5560.7949923324858901    5564.4811710556696198
 MOVE:       0.0004882812500000      -0.0014628372548132    5553.4336273963317581    5560.7949923324858901
 MOVE:  2.4414062500000000D-004      -0.0014628372548132    5538.7547317185581051    5553.4336273963317581
 MOVE:  1.2207031250000000D-004      -0.0014628372548132    5509.5711970998645484    5538.7547317185581051
 MOVE:  6.1035156250000000D-005      -0.0014628372548132    5451.8926208109160143    5509.5711970998645484
 MOVE:  3.0517578125000000D-005      -0.0014628372548132    5339.2228282806972857    5451.8926208109160143
 MOVE:  1.5258789062500000D-005      -0.0014628372548132    5124.1251003143179332    5339.2228282806972857
 MOVE:  7.6293945312500000D-006      -0.0014628372548132    4731.2048620745117660    5124.1251003143179332
 MOVE:  3.8146972656250000D-006      -0.0014628372548132    4069.8459875887720045    4731.2048620745117660
 MOVE:  1.9073486328125000D-006      -0.0014628372548132    3104.3725138778313521    4069.8459875887720045
 MOVE:  9.5367431640625000D-007      -0.0014628372548132    1977.0413181604808415    3104.3725138778313521
 MOVE:  4.7683715820312500D-007      -0.0014628372548132    1003.8349079934872634    1977.0413181604808415
 MOVE:  2.3841857910156250D-007      -0.0014628372548132     405.5130492474779658    1003.8349079934872634
 MOVE:  1.1920928955078125D-007      -0.0014628372548132     136.2149618724330367     405.5130492474779658
 MOVE:  5.9604644775390625D-008      -0.0014628372548132      40.4439312950282002     136.2149618724330367
 MOVE:  2.9802322387695313D-008      -0.0014628372548132      11.1544414689903650      40.4439312950282002
 MOVE:  1.4901161193847656D-008      -0.0014628372548132       2.9465139673983836      11.1544414689903650
 MOVE:  7.4505805969238281D-009      -0.0014628372548132       0.7582929024972223       2.9465139673983836
 MOVE:  3.7252902984619141D-009      -0.0014628372548132       0.1915690774082539       0.7582929024972223
 MOVE:  1.8626451492309570D-009      -0.0014628372548132       0.0472003794614477       0.1915690774082539
 MOVE:  9.3132257461547852D-010      -0.0014628372548132       0.0107549069128563       0.0472003794614477
 MOVE:  4.6566128730773926D-010      -0.0014628372548132       0.0015981758858068       0.0107549069128563
 MOVE:  2.3283064365386963D-010      -0.0014628372548132      -0.0006967564030521       0.0015981758858068
 return from MOVE with
     -34.0425210204085431      20.2451428551192727     -11.6239073494649787  1.0987778731156420D+006
 enter MOVE with M=           3
 MOVE:       0.5000000000000000      -0.0010223187118211    5607.7855859935298213    5607.7937339645222892
 MOVE:       0.2500000000000000      -0.0010223187118211    5607.7692901073687608    5607.7855859935298213
 MOVE:       0.1250000000000000      -0.0010223187118211    5607.7366985582684720    5607.7692901073687608
 MOVE:       0.0625000000000000      -0.0010223187118211    5607.6715163529843267    5607.7366985582684720
 MOVE:       0.0312500000000000      -0.0010223187118211    5607.5411555139335178    5607.6715163529843267
 MOVE:       0.0156250000000000      -0.0010223187118211    5607.2804481211451275    5607.5411555139335178
 MOVE:       0.0078125000000000      -0.0010223187118211    5606.7590904701137333    5607.2804481211451275
 MOVE:       0.0039062500000000      -0.0010223187118211    5605.7166036531671125    5606.7590904701137333
 MOVE:       0.0019531250000000      -0.0010223187118211    5603.6325435347644088    5605.7166036531671125
 MOVE:       0.0009765625000000      -0.0010223187118211    5599.4680739639125022    5603.6325435347644088
 MOVE:       0.0004882812500000      -0.0010223187118211    5591.1537103687624040    5599.4680739639125022
 MOVE:  2.4414062500000000D-004      -0.0010223187118211    5574.5830692454055679    5591.1537103687624040
 MOVE:  1.2207031250000000D-004      -0.0010223187118211    5541.6724153080731412    5574.5830692454055679
 MOVE:  6.1035156250000000D-005      -0.0010223187118211    5476.7600978456830489    5541.6724153080731412
 MOVE:  3.0517578125000000D-005      -0.0010223187118211    5350.4664230264552316    5476.7600978456830489
 MOVE:  1.5258789062500000D-005      -0.0010223187118211    5111.2108890770496146    5350.4664230264552316
 MOVE:  7.6293945312500000D-006      -0.0010223187118211    4680.3756017845116730    5111.2108890770496146
 MOVE:  3.8146972656250000D-006      -0.0010223187118211    3973.0101288329310592    4680.3756017845116730
 MOVE:  1.9073486328125000D-006      -0.0010223187118211    2979.1695823980653586    3973.0101288329310592
 MOVE:  9.5367431640625000D-007      -0.0010223187118211    1873.2218669988230886    2979.1695823980653586
 MOVE:  4.7683715820312500D-007      -0.0010223187118211     958.2148611652867203    1873.2218669988230886
 MOVE:  2.3841857910156250D-007      -0.0010223187118211     403.2553810079292589     958.2148611652867203
 MOVE:  1.1920928955078125D-007      -0.0010223187118211     145.2533160075519731     403.2553810079292589
 MOVE:  5.9604644775390625D-008      -0.0010223187118211      46.4949387710030635     145.2533160075519731
 MOVE:  2.9802322387695313D-008      -0.0010223187118211      13.5936656935908058      46.4949387710030635
 MOVE:  1.4901161193847656D-008      -0.0010223187118211       3.7236976425412029      13.5936656935908058
 MOVE:  7.4505805969238281D-009      -0.0010223187118211       0.9781079573845707       3.7236976425412029
 MOVE:  3.7252902984619141D-009      -0.0010223187118211       0.2503066518921550       0.9781079573845707
 MOVE:  1.8626451492309570D-009      -0.0010223187118211       0.0626667726456650       0.2503066518921550
 MOVE:  9.3132257461547852D-010      -0.0010223187118211       0.0150096102654488       0.0626667726456650
 MOVE:  4.6566128730773926D-010      -0.0010223187118211       0.0029995345982848       0.0150096102654488
 MOVE:  2.3283064365386963D-010      -0.0010223187118211 -1.5111097580344790D-005       0.0029995345982848
 return from MOVE with
       4.8031636691848387      89.0788687218778961     -59.6926041317459735  1.0914622075913330D+006
