       0.5000000000000000  1.9998475164986010D-010 -4.9796801549862315D-016 -2.9878044458455273D-015 -9.0629546886716997D-015
       1.5000000000000000  1.1414419613290152D-009  4.0869846903732400D-010  1.9515410556634418D-010  1.3084806434840182D-010
       2.5000000000000000  1.7067603390392199D-009  1.6918656228342405D-009  1.2689066331914045D-009  2.9359977951310428D-010
       3.5000000000000000  1.9269908422751741D-009  1.7120671664399154D-009  2.4838682238908408D-009  2.0278878987886323D-009
       4.5000000000000000  2.0128872227311972D-008  4.4782630689323339D-008 -3.1648770913517543D-008 -9.3262458903869227D-008
       5.5000000000000000  4.8334084415731057D-006  1.8642926983220421D-005  1.9420166170105874D-005  1.5214565101188515D-005
       6.5000000000000000  2.1967392134272903D-005  6.8784533142272338D-005  5.5009791517653606D-005  5.5530045433554493D-005
       7.5000000000000000  5.4656192036041460D-005  7.3735355666431011D-005  2.1142060853715684D-005  1.3008881013499548D-004
       8.5000000000000000  1.2250794244680579D-004 -3.0690235434533623D-005 -2.6207416400572987D-005  2.0771552076386736D-004
       9.5000000000000000  1.5770679578205646D-004 -1.3105224807650120D-004  7.8580332644304662D-005  1.5375623079160323D-004
      10.5000000000000000  9.9499093803671947D-005 -8.1092913273489876D-005  1.6576503530940116D-004  9.0915324726845707D-005
      11.5000000000000000  6.5129937085379758D-005 -2.5187380224783700D-005  1.7083136195803538D-004  8.1059853564098428D-005
      12.5000000000000000  1.2343474016027133D-004 -1.9700037898232554D-005  3.2752788876024426D-004  4.8028721906863232D-006
      13.5000000000000000  2.5092471952871355D-004 -5.5506241083615616D-005  4.7815788884811484D-004 -3.1657200205716351D-004
      14.5000000000000000  3.3416458391588604D-004 -2.5766289056870719D-004       0.0005359894517486      -0.0006873184008247
      15.5000000000000000  3.5265360179863634D-004      -0.0004986076895429       0.0006753352799173      -0.0008413151205254
      16.5000000000000000  3.3129640917859180D-004 -4.5803553660822354D-004       0.0006411733723542      -0.0006801080030290
      17.5000000000000000  2.9151687749580201D-004 -2.1432635517882408D-004  2.5334986155984060D-004 -2.9357244502706221D-004
      18.5000000000000000  2.4681185197072026D-004  7.7137114893803127D-006  4.1054971901756832D-005 -1.1989809521264839D-004
      19.5000000000000000  2.2326659886828443D-004  1.4828727689357606D-004  1.0526055877363255D-004 -1.3762524672485853D-004
      20.5000000000000000  1.9205259155821513D-004  1.8149165498830010D-004 -4.9099126243825308D-005 -1.1251066711611539D-004
      21.5000000000000000  1.6436091736817015D-004  1.3674419414701653D-004 -2.9806427025250588D-004 -3.5166123465090746D-005
      22.5000000000000000  1.9014934721652487D-004  1.3431031707800806D-004 -2.6441386458383407D-004  2.9250084497707519D-004
      23.5000000000000000  2.8884997311375249D-004  1.2970829250949365D-004 -1.0456844369622012D-004       0.0006044305310779
      24.5000000000000000  4.1350033466516610D-004 -4.0491322434382046D-005 -1.2842966954978050D-004       0.0006307688122745
      25.5000000000000000       0.0005065794781017 -1.1392600188718921D-004 -1.2864328632972521D-004  2.6222534069544721D-004
      26.5000000000000000       0.0005683829438316  8.3856113975311883D-006  1.4566662843766315D-004 -1.9171045413708343D-004
      27.5000000000000000       0.0005105291706021  5.9968754212988000D-006  1.2982785750962787D-004  2.7094527476234852D-005
      28.5000000000000000  4.6206180355906797D-004  1.7690299134499999D-005 -2.7484842234620782D-004       0.0005495531746101
      29.5000000000000000  4.7733227064677243D-004  1.0852964081173185D-004 -4.7087099760020597D-004       0.0006439638944800
      30.5000000000000000       0.0005021577330311  4.5589074293101558D-005 -2.7548694102738744D-004  2.2471687998745876D-004
      31.5000000000000000       0.0005926128130695  3.9006804650462477D-005 -6.5636897417115060D-005 -2.1801688289718320D-004
      32.5000000000000000       0.0006446014772617  1.9795099361364090D-004  8.0062590358973845D-005 -3.5968617565506321D-004
      33.5000000000000000       0.0005855435515473  2.2870605578469738D-004  3.6115124669798754D-004 -3.7644117367576012D-004
      34.5000000000000000       0.0005468757512699 -1.0936211781903623D-004  4.6036673827428706D-004 -9.2377700805507023D-005
      35.5000000000000000       0.0006162162334391 -4.1062317982854609D-004  2.5922057517260242D-004  5.1479389717079266D-005
      36.5000000000000000       0.0007122178106377 -3.7069124671743634D-004  2.1519956303894398D-004 -2.0921921182389159D-004
      37.5000000000000000       0.0007741886196927 -1.3656684138203630D-004  1.8279412104342210D-004 -2.8582526596652611D-004
      38.5000000000000000       0.0008305296924460  9.4655128222796456D-005 -2.6657699919419763D-004  8.9977515063462403D-005
      39.5000000000000000       0.0008662080988398  2.2962529489790092D-004 -3.2622122093917431D-004  2.9488778960658191D-004
      40.5000000000000000       0.0008716515521397  1.6216945250197197D-004  2.4705874140210679D-004  1.6133781055070324D-005
      41.5000000000000000       0.0008105719789092 -4.2312860266053303D-005       0.0005390370958927 -2.3141662332049507D-004
      42.5000000000000000       0.0007512205724628 -1.8500338542835001D-004  3.6680659949041159D-004 -3.9834322263800293D-005
      43.5000000000000000       0.0009386208472381 -4.0827778032544144D-004  4.2661060207231782D-005  4.6341870392894974D-004
      44.5000000000000000       0.0010996098505344      -0.0005733297390168 -7.9967483247161513D-005       0.0006126505695479
      45.5000000000000000       0.0010584941193595 -3.9757931812785523D-004  1.9619429052186591D-004  1.4816106024420736D-004
      46.5000000000000000       0.0011379671813051 -1.5151450031200195D-004       0.0005661179833766 -3.5115301101675315D-004
      47.5000000000000000       0.0012607648965746 -2.4120773083942363D-004       0.0005975077339755      -0.0005308310609956
      48.5000000000000000       0.0011939158817425 -4.4229181920848104D-004  4.5438253310572848D-004 -1.1807183713842437D-004
      49.5000000000000000       0.0011229799806560 -3.7692864001547059D-004  2.4789951226731211D-004       0.0005579721488765
      50.5000000000000000       0.0011307488603805 -2.1758001033429756D-004 -5.4756369767481569D-005       0.0008858040272778
      51.5000000000000000       0.0011464239160211 -1.5866949440259822D-004 -3.5446859557770329D-004       0.0006961186718559
      52.5000000000000000       0.0011566971697886 -2.6755105612517372D-005 -2.3120120576657069D-004       0.0004998447488713
      53.5000000000000000       0.0011863994819769  9.3547170388234410D-005  6.8798833792462604D-006  3.1894527215584555D-004
      54.5000000000000000       0.0012261960819306 -4.1329534915621485D-005 -2.3955860030220588D-004  2.5233555458462797D-004
      55.5000000000000000       0.0012347646175787 -6.6552995415413354D-005 -3.9602622952158924D-004  1.3309160359304117D-004
      56.5000000000000000       0.0012080583669639  1.1614693877984602D-004 -1.0194980444874240D-004 -3.6081260729765851D-005
      57.5000000000000000       0.0011959763811150  1.7576395726463619D-004  2.9370558496617295D-004  3.1499415889925930D-005
      58.5000000000000000       0.0011393436400612 -4.8305565197720019D-005  3.7576262865622205D-004 -7.2044473353377860D-005
      59.5000000000000000       0.0012131814267642 -7.9694363254832816D-005  2.5637176012822786D-004 -1.9294554325173344D-005
      60.5000000000000000       0.0015397203239729 -2.2976190082301572D-004 -4.2019817403993381D-005  2.5868784478575232D-004
      61.5000000000000000       0.0018044201259780      -0.0006079947343504 -3.2198348011119393D-004  1.9930091595686655D-004
      62.5000000000000000       0.0016427107597343      -0.0005697141569754 -3.9209569628577770D-004  5.3980039845995603D-006
      63.5000000000000000       0.0013124337964398 -3.0684287665739754D-004 -3.4798337685635163D-004  2.1232745964732267D-004
      64.5000000000000000       0.0011812424541547 -1.1849827208117330D-004 -3.6456458455610865D-004  3.7779383530451053D-004
      65.5000000000000000       0.0012051440575825  1.3671472006867745D-004 -2.2773093089049139D-004  3.7461043250741123D-004
      66.5000000000000000       0.0013258059115721  2.7159045123366490D-004  5.8188772611557264D-005       0.0007359291225519
      67.5000000000000000       0.0014524448129170 -3.3272478386495982D-004  1.1841175876269719D-004       0.0011177673037763
      68.5000000000000000       0.0015668390374661      -0.0010582227699345 -1.7451845140128113D-004       0.0014045939361644
      69.5000000000000000       0.0017269394080418      -0.0012177436876068      -0.0006003854151081       0.0014601247729495
      70.5000000000000000       0.0019243218306285      -0.0011181874226384 -4.3281133471591228D-004  2.1131006418299186D-004
      71.5000000000000000       0.0019698344959014      -0.0008195960054232  2.3662831821307033D-005      -0.0015212610677594
      72.5000000000000000       0.0017830768103362 -8.5509693645539997D-005  1.2706094662854293D-004      -0.0020198159805139
      73.5000000000000000       0.0016779114986585       0.0006251794042924 -9.9606472888011824D-005      -0.0014230431158865
      74.5000000000000000       0.0017691999573242  4.0520583591326071D-004 -4.0651626842730566D-004 -1.7788250153355452D-004
      75.5000000000000000       0.0017863920644694 -3.3357661173382465D-004      -0.0005834720722959       0.0009823937634733
      76.5000000000000000       0.0016215451382962 -4.5561650014651518D-004 -3.0155834922721269D-004       0.0009634916854846
      77.5000000000000000       0.0015477759144948 -5.7098700040731981D-005  1.1867695900900119D-004  5.0576254414381379D-005
      78.5000000000000000       0.0017845365095565  1.6741678501136861D-004  8.7644843875205205D-005 -1.8517938841702375D-004
      79.5000000000000000       0.0021262983886712  1.0109707209368749D-004  3.9269850428748208D-005 -4.9438532390580253D-005
      80.5000000000000000       0.0022227530443297  2.3219944258399635D-004  1.8191227290649469D-004 -5.5292861601224068D-005
      81.5000000000000000       0.0019233802809761  4.6966699874496470D-004 -1.8389765102007184D-005  2.5559544191691122D-004
      82.5000000000000000       0.0015048792868520  4.2304647528808569D-004 -2.1683130738211554D-004       0.0005999281928310
      83.5000000000000000       0.0014379394977020 -1.3021129562026688D-004  1.1395844247907818D-005  3.2409676353853921D-004
      84.5000000000000000       0.0018020712728801      -0.0007880224908299       0.0005456546665839 -4.2574316936559465D-004
      85.5000000000000000       0.0021177629009728      -0.0009807234857317       0.0010750857229706      -0.0007368659686209
      86.5000000000000000       0.0020368634346927      -0.0005516379556299       0.0008801164842287 -2.8994224496651871D-004
      87.5000000000000000       0.0017758356671714 -9.2276946731763469D-005       0.0004933041625168  4.2639059278382877D-004
      88.5000000000000000       0.0016527998157313 -1.2064211477418545D-004  1.2901264962120314D-005  2.5064595887742470D-004
      89.5000000000000000       0.0017512557501730 -1.6595445236502898D-004      -0.0007854876692240 -1.2503595795014226D-004
      90.5000000000000000       0.0019909378022221 -1.7596348936716421D-004      -0.0013767541126984  2.8997281236652605D-005
      91.5000000000000000       0.0021614055260587 -2.6170866510740994D-004      -0.0008259205114605 -2.1067858135298488D-004
      92.5000000000000000       0.0021756136671441 -6.2173871399619267D-005  8.2393570185619157D-006 -1.9511649862574582D-004
      93.5000000000000000       0.0022167367621602  2.9736405104566313D-004  1.9814408092344506D-004 -6.4745527473926033D-005
      94.5000000000000000       0.0023091826989483  2.0984804382098078D-004  2.5669156922293243D-004      -0.0007751703639873
      95.5000000000000000       0.0023276942361446      -0.0005155934464652       0.0009773015483516      -0.0012198609578820
      96.5000000000000000       0.0022586237064411      -0.0010329878728534       0.0012610290337212      -0.0006018400595022
      97.5000000000000000       0.0021484075567074      -0.0008932206629040  4.1995880270684604D-004  8.1166902373546072D-005
      98.5000000000000000       0.0019383034519738 -2.8859435627704919D-004 -2.8998518768869573D-004  2.8909182475510942D-004
      99.5000000000000000       0.0017609062073758  3.3832830229274616D-004 -4.5165780254068593D-004  4.6160820291617417D-004
     100.5000000000000000       0.0018096276305939       0.0007353690251025      -0.0005220153253316       0.0005295756284273
     101.5000000000000000       0.0019623806819125       0.0007548687950758      -0.0010285883331354  6.4317688134387797D-005
     102.5000000000000000       0.0021629221556120       0.0007873051619101      -0.0013493728214406 -1.4967241928263528D-004
     103.5000000000000000       0.0022617048530364       0.0006653268744710      -0.0005716505790528  2.6701004637571412D-004
     104.5000000000000000       0.0022419844354779  1.7347915858353116D-004       0.0006208457229196       0.0005014233510383
     105.5000000000000000       0.0022115724667764 -2.0480499443492153D-004       0.0009844630147265  3.2753303308492519D-008
     106.5000000000000000       0.0022135023250652 -3.3337652882050570D-004       0.0006187687030794 -1.1234808356824975D-004
     107.5000000000000000       0.0023036454715359      -0.0006088314016089       0.0007049688291794 -1.1854831018667690D-004
     108.5000000000000000       0.0024767742051357      -0.0006881443945728       0.0010024623634254      -0.0006613470822248
     109.5000000000000000       0.0025452767843622      -0.0005404010719296  3.9478783570748494D-004      -0.0007730024126936
     110.5000000000000000       0.0025471030574127 -3.9650599568077368D-004 -4.2390326986812925D-004 -7.4312839874474712D-005
     111.5000000000000000       0.0024256353282341 -7.1521912868232444D-005      -0.0005057054081735 -1.7555160489266696D-004
     112.5000000000000000       0.0022211898603627  4.0321679795571710D-004 -2.1535390473052747D-004      -0.0005861571646277
     113.5000000000000000       0.0021227687411031  1.8481495955767339D-004  3.2028218874788399D-004 -6.1689127206817452D-005
     114.5000000000000000       0.0022131733895511 -2.2677608024446441D-004       0.0008835344499565       0.0010512742861763
     115.5000000000000000       0.0023837587601333 -4.0252140334508710D-006       0.0005647396737775       0.0018687635762815
     116.5000000000000000       0.0024509880612623  2.9014890274571038D-004 -1.1604355709103040D-004       0.0016950562007685
     117.5000000000000000       0.0024372299370038 -3.2707148753982195D-004  5.0227453961414377D-005       0.0011291060117634
     118.5000000000000000       0.0025159001914047      -0.0012621561119612  4.2728137687165921D-004  2.3336821827842557D-004
     119.5000000000000000       0.0027440782734747      -0.0011615051668628  1.2921611748684336D-004      -0.0006878614720124
     120.5000000000000000       0.0029258966883827 -4.3404737972679174D-004 -5.0521416914783519D-005 -3.7267700033539385D-004
     121.5000000000000000       0.0029338268926168  2.3676669060965013D-004 -1.8570588202457712D-005 -3.6280778027563049D-006
     122.5000000000000000       0.0026783230149044       0.0005757001068782 -3.5081474928400384D-004  1.7616374141499665D-007
     123.5000000000000000       0.0023851818490550  3.5423824820214150D-004      -0.0007594145351898  3.2343326873733634D-004
     124.5000000000000000       0.0023254111164555  1.7201122698857943D-004      -0.0007530624740093       0.0011824061498031
     125.5000000000000000       0.0023438836222549  2.1713058836507707D-004      -0.0006724517027594       0.0014669608994104
     126.5000000000000000       0.0022761080522876  2.4334947569036429D-004 -4.7042705138129835D-004       0.0005203347990736
     127.5000000000000000       0.0022558909082402  3.5472562003950901D-004 -1.6591063905206592D-004 -3.0450513782419124D-004
     128.5000000000000000       0.0023298382748125  3.5010452567637456D-004 -8.2610375312045965D-005      -0.0005636214093410
     129.5000000000000000       0.0025982692468724 -2.5600824873586140D-004  2.8356383305487532D-004 -2.7224697579515119D-004
     130.5000000000000000       0.0029323164547230      -0.0010233783552380  4.1363802206445110D-004  2.8024185292072811D-004
     131.5000000000000000       0.0029445718207048      -0.0007403490487159 -3.6106362925778217D-004       0.0006207110527308
     132.5000000000000000       0.0026613143119984  2.6533157151699848D-005      -0.0009272095268930  4.6995598546006992D-004
     133.5000000000000000       0.0024900281597568       0.0005164408804007 -3.2303716804520479D-004  3.5090429053081580D-004
     134.5000000000000000       0.0025194958418048       0.0005703653024116       0.0006045986742897  3.6396583826184855D-004
     135.5000000000000000       0.0025747451827565       0.0005236130032593       0.0008836038153565  1.8208949378300664D-005
     136.5000000000000000       0.0027646555258503  1.3454300247522119D-004  3.6077745387469608D-004 -4.1372423744475155D-004
     137.5000000000000000       0.0030543594243533      -0.0004978414740019 -2.3529852111909107D-004 -3.1745997051539145D-005
     138.5000000000000000       0.0031420201303196      -0.0007935065959467      -0.0006846402768669       0.0014160849475471
     139.5000000000000000       0.0029368260753013      -0.0005635452964208      -0.0010472353917930       0.0022741549488671
     140.5000000000000000       0.0026481871337587  2.5020483021327550D-005      -0.0009636456024659       0.0014472888585796
     141.5000000000000000       0.0027144526084315       0.0007957418899712      -0.0006774186523153  6.8884499287100487D-005
     142.5000000000000000       0.0028611723455599       0.0012564587594390  4.1973560819751315D-004      -0.0011629905195678
     143.5000000000000000       0.0029135280135764  4.5899571137032578D-004       0.0013024783656307      -0.0020326215008635
     144.5000000000000000       0.0030496576719477 -3.5779217793533048D-004       0.0015152577189965      -0.0016220419427204
     145.5000000000000000       0.0031998915860790      -0.0006336371770640       0.0011837543152490 -4.2706904130243828D-004
     146.5000000000000000       0.0032236802647078      -0.0005171686066514       0.0008581554357150       0.0005010826729704
     147.5000000000000000       0.0031888282214977 -3.3201726296136247D-004       0.0009795550443315 -3.2065786195332468D-005
     148.5000000000000000       0.0032754756544835  9.5140925248018027D-005       0.0013133784491567      -0.0010357159903225
     149.5000000000000000       0.0031649150368824  3.4998594420814416D-004       0.0011155725869462 -3.1247465916180709D-004
     150.5000000000000000       0.0030327112034958       0.0005119456668723       0.0006726022298010       0.0014617590299206
     151.5000000000000000       0.0030567973994787       0.0004993380123354  2.2849227958841739D-004       0.0016129430805245
     152.5000000000000000       0.0031930771875466  2.4295876352595699D-004  1.4245917515774437D-004       0.0009872312040974
     153.5000000000000000       0.0033929024940519  1.6518480981069051D-004  2.4693424697624876D-005       0.0007999113164778
     154.5000000000000000       0.0035449378908997  2.9091397517515440D-004      -0.0006111480705795       0.0005634958678513
     155.5000000000000000       0.0034819847898530  2.5088144003721717D-004      -0.0008323919210245  1.8753627804330973D-004
     156.5000000000000000       0.0033240109795453  2.0207250473463369D-005      -0.0008554476356658 -1.2291034537145035D-004
     157.5000000000000000       0.0032789874282570  6.3881200530129157D-005      -0.0007825334339773 -4.8035059114228496D-004
     158.5000000000000000       0.0033683779589218       0.0004965918150525 -2.4031298688326146D-004      -0.0010294523543554
     159.5000000000000000       0.0034824883874913       0.0008066183730625 -1.1961237222034258D-004      -0.0010532897708458
     160.5000000000000000       0.0034198080402061       0.0006165105703549 -6.5034686892592990D-005 -3.0273680800188031D-004
     161.5000000000000000       0.0033831313077167 -1.6983369259649032D-004  3.8683078408906029D-004  4.4983791247003732D-004
     162.5000000000000000       0.0036581499338497      -0.0006593523361512  1.9619630414459868D-004       0.0012498845235362
     163.5000000000000000       0.0038884492907625 -4.7211464868443596D-004 -4.3888088594173230D-004       0.0016950626413469
     164.5000000000000000       0.0039402813272600  5.2320385551946503D-005      -0.0012345571591010       0.0012202197790653
     165.5000000000000000       0.0038330010486116  4.5974948487120641D-004      -0.0016063705371156       0.0009144944887476
     166.5000000000000000       0.0036338078392501       0.0005139931239891      -0.0011952047948454       0.0011252182992350
     167.5000000000000000       0.0036081947105392  5.5855364190675440D-005  7.6221284437634471D-005       0.0006071284905376
     168.5000000000000000       0.0037405880592456 -3.6115776719213705D-004       0.0011248882759570  7.9933480009386509D-005
     169.5000000000000000       0.0034898800842988 -3.0210360317605670D-004       0.0011502097850498  4.0389938833649630D-004
     170.5000000000000000       0.0030365867958351 -1.8641786322408247D-004       0.0009138120167183  7.1960365109782152D-005
     171.5000000000000000       0.0029626109691893 -2.2612166005869555D-004       0.0009273647290504      -0.0012398048136219
     172.5000000000000000       0.0031547068751176 -2.0329359473804804D-004       0.0014073633399610      -0.0014225735302252
     173.5000000000000000       0.0032493934651372 -2.8432460210406823D-004       0.0010856840449856 -2.5790665892855258D-004
     174.5000000000000000       0.0032344051318568      -0.0005647297897399 -4.7397102259100534D-005  3.4542460524554215D-004
     175.5000000000000000       0.0032045264506440      -0.0005918645113610 -4.6776138644057227D-004  4.4669901082802912D-005
     176.5000000000000000       0.0031362787275899 -4.4216983286380517D-004 -4.6875007874827131D-006 -9.6278467757209175D-005
     177.5000000000000000       0.0031671030904102 -9.7790181598022668D-005  4.2737733312527948D-004  2.3240536795674971D-004
     178.5000000000000000       0.0031723895356337  3.5705381908407739D-004       0.0006626722434246       0.0005952866197724
     179.5000000000000000       0.0029016346118192  3.3909112046364304D-004       0.0005709799421509       0.0010942462934582
     180.5000000000000000       0.0026876772749032 -3.7956998054135404D-005  1.7584303408192483D-004       0.0007500582730711
     181.5000000000000000       0.0027957588219625 -2.9166071351261445D-004 -7.2260294809554782D-005 -2.4375080299957532D-004
     182.5000000000000000       0.0030280389136279 -1.4318305216629544D-004  8.4953758495085098D-005      -0.0010465080954942
     183.5000000000000000       0.0029543887021384  7.8890034601382142D-005       0.0005380915143028      -0.0010808921651627
     184.5000000000000000       0.0026599804986710  3.7914346609813781D-004       0.0010642750813348      -0.0005756611898800
     185.5000000000000000       0.0024181999814073       0.0006335584159204       0.0007612273978894 -4.1531965049708338D-004
     186.5000000000000000       0.0024629138764536       0.0007901081063892 -1.0551602347609685D-004      -0.0012988996971426
     187.5000000000000000       0.0026673173571381       0.0008900561010976 -1.1201142798572097D-004      -0.0016370328101523
     188.5000000000000000       0.0027101651281179       0.0006470838470350 -4.1322222574614870D-004      -0.0005339071957053
     189.5000000000000000       0.0027267230726917  2.7818078671443068D-004      -0.0012163613098432  2.7278092399663769D-004
     190.5000000000000000       0.0027122976984301  2.0116806826444751D-005      -0.0015346711223481       0.0007623860224764
     191.5000000000000000       0.0026840536227952  1.3211300371259170D-004 -4.0764378602446667D-004       0.0011208853166520
     192.5000000000000000       0.0025683884233675  3.9972020508346380D-005       0.0006081852623078       0.0011663337829655
     193.5000000000000000       0.0024758095213822 -1.5038772110298254D-004  2.9478932365748693D-004       0.0008667873608586
     194.5000000000000000       0.0025229915446390 -3.8822818217934535D-004 -4.2873363419918431D-004       0.0010356253985589
     195.5000000000000000       0.0025888394037323      -0.0007197396900594      -0.0007922042333505       0.0012433341617036
     196.5000000000000000       0.0026579981101531      -0.0009084244321141      -0.0008559092023942  4.1071457274897304D-004
     197.5000000000000000       0.0026574865780064      -0.0006486749643138 -4.0493583187863367D-004      -0.0007359534668927
     198.5000000000000000       0.0025068574501848  2.2614283648878373D-004       0.0005274605771273      -0.0013162487342541
     199.5000000000000000       0.0022820848681749       0.0007137381293845       0.0008168590101462      -0.0015030909477119
     200.5000000000000000       0.0021957307897498  4.6408030744498507D-004       0.0006959845551873      -0.0010248207235846
     201.5000000000000000       0.0020756613818105 -3.0207066624058461D-004  3.5722049610135834D-004 -3.0130223081436982D-004
     202.5000000000000000       0.0020359551684989 -2.1395484482316973D-004 -2.7135633366685689D-004 -1.5894491595911482D-004
     203.5000000000000000       0.0022670974834728  3.1098351402435978D-004      -0.0008097452772967      -0.0005571426256794
     204.5000000000000000       0.0025563671734741       0.0010627459246421      -0.0006978264099310      -0.0010092251148916
     205.5000000000000000       0.0024410766951381       0.0015689208482045 -7.5916170128319103D-005      -0.0006627927885273
     206.5000000000000000       0.0022924126543761       0.0011485781545115  1.6359058830050686D-004  1.0767336954733027D-004
     207.5000000000000000       0.0023999625093687  2.8159462753168371D-004  2.3888755629154955D-004  4.5023223911809008D-004
     208.5000000000000000       0.0027060005464004 -3.6204481243347982D-004  2.2543159140057028D-004       0.0008464408913064
     209.5000000000000000       0.0028069645929458      -0.0005147650881139 -1.1625881212734962D-004       0.0012389297293342
     210.5000000000000000       0.0028416162739757  1.1360413393738472D-004 -4.3574466474955478D-004       0.0012567693033713
     211.5000000000000000       0.0028320174444250       0.0005753571539459  1.4832027938526182D-004       0.0009864650038276
     212.5000000000000000       0.0027245698993830  3.9856928400806076D-004       0.0006507106562376       0.0006679961664042
     213.5000000000000000       0.0026121387873266  2.2871613129939262D-004       0.0006808578160723  4.7970833560223315D-004
     214.5000000000000000       0.0024745961221877  6.5306381965316433D-005       0.0009229137560865       0.0008801774294046
     215.5000000000000000       0.0024218435416295 -1.9014334554021567D-004       0.0006348471159181       0.0012084120026931
     216.5000000000000000       0.0027556464783565 -2.1105447178081601D-004  2.1633570138747908D-004       0.0013002304333041
     217.5000000000000000       0.0030758480892181      -0.0005581301802680  5.5608610336428221D-005       0.0008677930017889
     218.5000000000000000       0.0032633610082493      -0.0007005968264195 -4.5397870936609165D-004       0.0006336979354233
     219.5000000000000000       0.0036440274823224  3.5569663118880340D-005      -0.0013153051622154  3.6840041928875493D-004
     220.5000000000000000       0.0037012393317601       0.0005205156879620      -0.0010948040640719  2.8856436230658385D-006
     221.5000000000000000       0.0034145748599510       0.0005354613867641  2.7695242036572776D-004      -0.0006058080439934
     222.5000000000000000       0.0033148219114996       0.0005964717624765       0.0019534661516869      -0.0011318239977928
     223.5000000000000000       0.0035561506245158       0.0007974123091045       0.0019755943577228      -0.0012733731481441
     224.5000000000000000       0.0038388255105479       0.0010409368739225       0.0007282144449562      -0.0007496368080838
     225.5000000000000000       0.0040421119376539       0.0010722679731847  7.3360552975546513D-005      -0.0008169066495810
     226.5000000000000000       0.0041407656365241       0.0008036855318840 -3.7261391274392790D-004      -0.0012147474354738
     227.5000000000000000       0.0040527042632677       0.0006654866252340      -0.0010427662546473      -0.0016693960339842
     228.5000000000000000       0.0038435987681081       0.0007538293480489      -0.0007185313958124      -0.0021084877487530
     229.5000000000000000       0.0037425355140396       0.0010034190394380 -1.0253072743522527D-004      -0.0015369006212114
     230.5000000000000000       0.0035023297943727       0.0013026541285133 -3.4759646712896223D-004      -0.0010128509515823
     231.5000000000000000       0.0031958327607040       0.0014135924917561      -0.0008156953621603      -0.0007428945988236
     232.5000000000000000       0.0031724991615701       0.0014400621130637 -2.1655343395527297D-004 -3.4116711236345050D-005
     233.5000000000000000       0.0033117272626421       0.0013252214240326       0.0011441029755864  2.7964770571020908D-004
     234.5000000000000000       0.0034349075485319       0.0013452612850547       0.0016184426906572  3.5098114760498861D-004
     235.5000000000000000       0.0034163178479444       0.0011416490165188       0.0005652289183923 -2.9155067368206685D-004
     236.5000000000000000       0.0035876254955322       0.0009845488600825      -0.0007718316494878      -0.0017595986118421
     237.5000000000000000       0.0039132877742084       0.0011731695627383      -0.0017827875844287      -0.0024165276372542
     238.5000000000000000       0.0039592736758550       0.0015636386000975      -0.0014497244631251      -0.0016944713002161
     239.5000000000000000       0.0039512321242296       0.0021187494214798 -3.1818666993667241D-004 -3.3921252764081776D-005
     240.5000000000000000       0.0041894238505637       0.0023048100722067      -0.0011067136255249       0.0012597491349611
     241.5000000000000000       0.0045583472193658       0.0020733892636294      -0.0025735694817540       0.0011215110275983
     242.5000000000000000       0.0047903514950892       0.0020146596754272      -0.0020360902253115  1.7698998061032234D-004
     243.5000000000000000       0.0046959301975552       0.0020599766237554      -0.0007290529405282 -4.8103195944795965D-004
     244.5000000000000000       0.0044222675968075       0.0021685639326602  4.3752248680340068D-004 -3.2283459038006426D-004
     245.5000000000000000       0.0041717846929687       0.0016050395292049  2.8694106467887979D-004 -4.5371455743488945D-004
     246.5000000000000000       0.0040997498668314       0.0016667705783168 -4.0089342694663526D-004      -0.0013303121367202
     247.5000000000000000       0.0042743458927239       0.0021002589911998      -0.0007510269541081      -0.0020866563733148
     248.5000000000000000       0.0042754039721873       0.0016914095090126      -0.0008639390616876      -0.0014218658260754
     249.5000000000000000       0.0040878426859076       0.0015125094465907      -0.0010180010132484  4.0320196148806078D-004
     250.5000000000000000       0.0036623073394665       0.0017504917472442      -0.0008565136307941       0.0015643526297807
     251.5000000000000000       0.0034336651270190       0.0024164887998168 -2.1387830465274975D-004       0.0009626229881499
     252.5000000000000000       0.0035972390557940       0.0030718707507669 -1.3329668921475296D-004      -0.0007800774552870
     253.5000000000000000       0.0037509369771446       0.0030950915321389      -0.0011050135556445      -0.0012543418979970
     254.5000000000000000       0.0039299576949070       0.0028935962434032      -0.0018823455315094 -4.3011410997090195D-004
     255.5000000000000000       0.0038358758554675       0.0021173927799755      -0.0015842484671642       0.0012966154988006
     256.5000000000000000       0.0035128319858630       0.0018662537965155 -2.7407761221117456D-004       0.0023161533782534
     257.5000000000000000       0.0032318097751360       0.0021965127272322       0.0006005684997456       0.0014956515546806
     258.5000000000000000       0.0031581203959549       0.0026530599874547  4.4557217376008486D-004  4.4621709878193798D-004
     259.5000000000000000       0.0031591873252816       0.0025888516097849      -0.0005718407968963 -8.2134059489107105D-005
     260.5000000000000000       0.0032050997530517       0.0028006225203412      -0.0009551261629680 -3.4052718806812252D-004
     261.5000000000000000       0.0033313505915296       0.0032135010637814 -3.9071225845568235D-004 -4.1525412320290710D-005
     262.5000000000000000       0.0034122738956480       0.0027449594754325 -3.3134291400607855D-004      -0.0007305251497830
     263.5000000000000000       0.0033599921709180       0.0018559926475652 -2.9425084988124391D-004      -0.0008794297225052
     264.5000000000000000       0.0033292957625734       0.0017467757692549  2.8944560843656805D-004 -1.5057971686128029D-004
     265.5000000000000000       0.0033566389239580       0.0020193461867080 -5.1159291700646462D-005 -3.3953043742338153D-004
     266.5000000000000000       0.0033475511374851       0.0021760286301945      -0.0010117921274894      -0.0007137903460584
     267.5000000000000000       0.0034694124464102       0.0019539542082173      -0.0017309603572034 -3.9690776083114635D-004
     268.5000000000000000       0.0037563001153513       0.0018263149346138      -0.0018218711044802  3.3490599629346860D-004
     269.5000000000000000       0.0041518583569343       0.0018336511193154      -0.0015364051050094       0.0012147903363633
     270.5000000000000000       0.0046812378072133       0.0011562419420208      -0.0012312594366661       0.0016095974688899
     271.5000000000000000       0.0051074906689274  2.4743992037943679D-004      -0.0025018592151120       0.0014142240743694
     272.5000000000000000       0.0055635372125307  1.7172183117963147D-004      -0.0046456867568942       0.0007620012183705
     273.5000000000000000       0.0062018530123310       0.0006021209666061      -0.0055536497347782  7.0041355324702823D-005
     274.5000000000000000       0.0068698842867261       0.0016856016793784      -0.0049062796391586 -3.5530350722723001D-004
     275.5000000000000000       0.0069822649475643       0.0021740339423626      -0.0041425838228771      -0.0007925223331445
     276.5000000000000000       0.0069300237504242       0.0029951761488868      -0.0034662206981364      -0.0020484673210106
     277.5000000000000000       0.0071681982010383       0.0042746561046409      -0.0028445763889974      -0.0034220173749633
     278.5000000000000000       0.0075565482522094       0.0051933962552357      -0.0032801092940158      -0.0044088461301096
     279.5000000000000000       0.0077789354089546       0.0061277123955864      -0.0048786405550749      -0.0048831553886784
     280.5000000000000000       0.0082557887482774       0.0073912498528511      -0.0053694707966627      -0.0049640024197258
     281.5000000000000000       0.0089989700227744       0.0090520821287820      -0.0046188877704862      -0.0044724955054673
     282.5000000000000000       0.0095962090224156       0.0104926844860000      -0.0030104857929344      -0.0038732209006858
     283.5000000000000000       0.0097927956366420       0.0108352943305067      -0.0011607112258539      -0.0029765852150442
     284.5000000000000000       0.0104306637247814       0.0117720439346987       0.0010850615460789      -0.0013335773392880
     285.5000000000000000       0.0115730267260178       0.0134371511571369       0.0027950412821106       0.0019976336292081
     286.5000000000000000       0.0125833601148265       0.0153005325937290       0.0038873293374937       0.0036364775811210
     287.5000000000000000       0.0127471565025267       0.0163984520051546       0.0052580285035842       0.0033713913920463
     288.5000000000000000       0.0121485843880090       0.0159017083572167       0.0062062311143523       0.0020212734156247
     289.5000000000000000       0.0111849828272419       0.0143210556239467       0.0067966029502585       0.0015456681322654
     290.5000000000000000       0.0104761045496303       0.0140661906227099       0.0070869159388440       0.0012733986092016
     291.5000000000000000       0.0092987359288303       0.0131192637267389       0.0062300718989060       0.0011052756358690
     292.5000000000000000       0.0075339534466183       0.0111115853747442       0.0048868904754495       0.0012571856489195
     293.5000000000000000       0.0055906522510701       0.0078296042884355       0.0032171875725609       0.0008817623369702
     294.5000000000000000       0.0040227195099687       0.0049236338951896       0.0025484734431354       0.0012683984646897
     295.5000000000000000       0.0030575572030354       0.0032290972725491       0.0023806142547375       0.0017069549767281
     296.5000000000000000       0.0025723180996042       0.0028359498264087       0.0015469510681206       0.0012384266024715
     297.5000000000000000       0.0025640624427989       0.0030506708788486       0.0006704987711651  4.4177117270010268D-004
     298.5000000000000000       0.0024063371614984       0.0023733719024121       0.0005927730372777  3.2194944624128197D-004
     299.5000000000000000       0.0020887877064058       0.0019604913533017  3.7649491691286861D-004 -3.1866353632831895D-004
     300.5000000000000000       0.0019717558176659       0.0023902493916241 -1.1155240814932383D-004      -0.0008746140531585
     301.5000000000000000       0.0020161726318911       0.0031044767418348 -1.6513320085238017D-004      -0.0008450196510473
     302.5000000000000000       0.0020835159333218       0.0035687139857501       0.0005101434506880 -2.1439643087449971D-004
     303.5000000000000000       0.0020908012387170       0.0034990113481597       0.0008088948561041  4.6789112209036815D-004
     304.5000000000000000       0.0023486749383961       0.0038159755623758       0.0009688954973572       0.0007277553533493
     305.5000000000000000       0.0026026797415300       0.0040121632203212       0.0004985419570797  4.1444732070523090D-004
     306.5000000000000000       0.0024994403534156       0.0038091538015879       0.0007874469498536       0.0008986373837321
     307.5000000000000000       0.0023709295251327       0.0039503993809362       0.0013641922101556       0.0009975598433069
     308.5000000000000000       0.0021891057217348       0.0038019877650881       0.0010590068755538       0.0006242863834070
     309.5000000000000000       0.0019142842595659       0.0030577970466306  4.7022674763541654D-004  1.3970280640026184D-004
     310.5000000000000000       0.0017569356258883       0.0023919412248620  4.6170286154354238D-004  1.4049402777318912D-004
     311.5000000000000000       0.0017469221673754       0.0021424923926200  3.2572443419145482D-004       0.0005852114642194
     312.5000000000000000       0.0016815350714850       0.0023610082594777  4.8510432515460689D-004       0.0009078826754651
     313.5000000000000000       0.0017132289891302       0.0031067717355384  4.8036484761810905D-004       0.0006729292972541
     314.5000000000000000       0.0017375869057292       0.0032837468171841  9.3566784310613344D-006  4.0425346207813420D-004
     315.5000000000000000       0.0016227755213607       0.0026610031895757 -2.6786740772221979D-005       0.0006781557523856
     316.5000000000000000       0.0016097323408650       0.0026694012364253       0.0006371056011363  3.5652645527715926D-004
     317.5000000000000000       0.0016081587545707       0.0027796758073641       0.0006387679579213      -0.0006785321139091
     318.5000000000000000       0.0013900584910016       0.0019475626966602  1.8943318346322489D-004      -0.0005522298451556
     319.5000000000000000       0.0012611823175155       0.0013839461417099 -5.9409774873495805D-005  1.7047043125946449D-004
     320.5000000000000000       0.0014292829117333       0.0013548005437992 -4.3700192864278969D-004  4.2961807266894068D-004
     321.5000000000000000       0.0016358949959774       0.0015938378333375      -0.0006851662428383 -1.2662208404392347D-004
     322.5000000000000000       0.0016047526819381       0.0015418055317032      -0.0005022874997664 -3.7577194184038672D-004
     323.5000000000000000       0.0015833806758659       0.0013761091396337 -4.1279150016659724D-004      -0.0007658050865051
     324.5000000000000000       0.0014811774886903       0.0014790686568642 -3.7465694594310755D-004      -0.0008908422226502
     325.5000000000000000       0.0012790541675149       0.0015943824135848 -4.2445076580240927D-004      -0.0009565858377081
     326.5000000000000000       0.0012215449900686       0.0017101318130239 -4.5416127474095478D-004      -0.0010978411510293
     327.5000000000000000       0.0012375336430934       0.0017046159579852      -0.0004896465252714      -0.0007572800406343
     328.5000000000000000       0.0011978494838670       0.0015584412677049 -2.3248223835478052D-004 -2.7600259503076513D-004
     329.5000000000000000       0.0011873832314011       0.0013835680118507  2.4038123019533647D-004 -1.2857207946130245D-004
     330.5000000000000000       0.0012985710949283       0.0012406114882725  2.4020517932487001D-004 -3.0095275790388006D-004
     331.5000000000000000       0.0014296740731770       0.0010653757928759  5.3544623803939691D-005 -3.3468309905625236D-004
     332.5000000000000000       0.0014870870826175       0.0012729093419256 -3.2692467203323665D-004 -4.5965750715440775D-004
     333.5000000000000000       0.0015067453047598       0.0016302284783429      -0.0009775649978830      -0.0006349212370291
     334.5000000000000000       0.0015964436058690       0.0017690445218006      -0.0016650344103616      -0.0005401675350519
     335.5000000000000000       0.0016650167727004       0.0018432619994845      -0.0016383431326550 -2.6919949150367616D-004
     336.5000000000000000       0.0015935878453524       0.0019059532553700      -0.0006965725149937 -3.6216197872385510D-005
     337.5000000000000000       0.0014901236354724       0.0017922171508233 -3.4677639917688819D-004  6.8044842674146974D-005
     338.5000000000000000       0.0015382112558824       0.0018603445166557 -2.7404495257112466D-004  1.4628303450424010D-004
     339.5000000000000000       0.0016403744519693       0.0021336402780666  4.3452119615974697D-004       0.0008348115897217
     340.5000000000000000       0.0018300721957212       0.0029032838775924       0.0012253607863559       0.0011805829498223
     341.5000000000000000       0.0019374534101665       0.0035741391650351       0.0014858883664007       0.0011685669885647
     342.5000000000000000       0.0021003976726101       0.0043518951465796       0.0019125620290428       0.0018504013575429
     343.5000000000000000       0.0022984563928374       0.0054147269172594       0.0031410962857966       0.0030417080948207
     344.5000000000000000       0.0025151918765525       0.0062127655986619       0.0039963844018198       0.0040081629945338
     345.5000000000000000       0.0026625292278468       0.0063210934411480       0.0038630623305284       0.0044164383392172
     346.5000000000000000       0.0028336967565563       0.0065667009819180       0.0034472291802803       0.0040046719078381
     347.5000000000000000       0.0032619485274793       0.0079222904359623       0.0043878705987773       0.0040415891810433
     348.5000000000000000       0.0036821104432455       0.0085390921985265       0.0042469884512800       0.0028632983558291
     349.5000000000000000       0.0039154479195482       0.0081838345802528       0.0025899713325256       0.0008030024785622
     350.5000000000000000       0.0038350946879101       0.0071672458389300       0.0011763509591301      -0.0005735319330920
     351.5000000000000000       0.0035520674076107       0.0055878866629438       0.0005691220084488 -2.7360922216256679D-004
     352.5000000000000000       0.0033947261864064       0.0043392026722651 -3.4207249484008342D-004 -3.6139223555577794D-004
     353.5000000000000000       0.0031886195675369       0.0029045839327871      -0.0019377483581632      -0.0006459317075803
     354.5000000000000000       0.0029351566175812       0.0021833369006145      -0.0023613322425513      -0.0008569936200701
     355.5000000000000000       0.0028453727073862       0.0020636927096565      -0.0024449039505832      -0.0009836499341789
     356.5000000000000000       0.0025357096862673       0.0017681497289299      -0.0024830252887281      -0.0006609809848352
     357.5000000000000000       0.0019596414596821       0.0011861235563926      -0.0020939907126234      -0.0006445822252071
     358.5000000000000000       0.0015378129941418       0.0009038340803516      -0.0012960716805350      -0.0010546451278308
     359.5000000000000000       0.0012452015066504       0.0008165260867442      -0.0006549239688252      -0.0008348256302808
     360.5000000000000000       0.0009781273565689       0.0007621480434005 -3.9551571343563071D-004 -4.5489940045899321D-004
     361.5000000000000000       0.0007824831067264  4.7115185605577689D-004 -3.7613607498818938D-004 -1.3808444694594682D-004
     362.5000000000000000       0.0006853360396494  1.6255796416557073D-004 -3.2479682113025746D-004  8.4299017337762191D-006
     363.5000000000000000       0.0006892047425744  2.6004058424800578D-004 -2.0539002205997251D-004 -3.2001252477122506D-004
     364.5000000000000000       0.0006957334457495  4.8464319642415845D-004 -1.2900151485053534D-004      -0.0006599371830469
     365.5000000000000000       0.0005908163186719  3.8718174840509371D-004 -1.8275015434567637D-004 -3.5312740899758185D-004
     366.5000000000000000       0.0005059858060808  3.6157255686928159D-004 -4.0506317868927355D-004 -1.1772846559690059D-004
     367.5000000000000000  4.6466621205314460D-004  3.7634865349185344D-004      -0.0005981680590442 -1.8616619556704873D-004
     368.5000000000000000  4.8463273827735584D-004  2.9931498214912344D-004      -0.0005817013159898 -2.8992526249622345D-004
     369.5000000000000000       0.0004891964852476  1.6507209894221750D-004      -0.0005015505884359 -2.4893656822542153D-004
     370.5000000000000000  4.2464025526243527D-004  1.6133919206311019D-004 -4.4751688885134644D-004 -1.9709572935751305D-004
     371.5000000000000000  4.1247376836165697D-004  2.7830292231911314D-004 -4.7756650877340027D-004 -3.4862466859046399D-004
     372.5000000000000000  4.3006946080733862D-004  3.8861076937408046D-004      -0.0005045856201135      -0.0005456834968661
     373.5000000000000000  4.4786051057802020D-004  4.3601996610856554D-004 -4.3383838274338113D-004      -0.0005442318314872
     374.5000000000000000  4.2945366595716820D-004  2.2244652124967009D-004 -2.9566631834284713D-004 -2.3045446935177001D-004
     375.5000000000000000  4.5453452722813104D-004 -5.4841448358964580D-006 -2.5007386602556508D-004  4.5138674839387497D-006
     376.5000000000000000       0.0005165234259219  7.1285225244783186D-005      -0.0005449225390011 -4.0898045942886099D-005
     377.5000000000000000  4.8147348672030696D-004  2.7008104269123898D-004      -0.0007079819368639 -3.1864260818531933D-004
     378.5000000000000000  3.9921421883265057D-004  2.2363320749723556D-004      -0.0006019909583720 -3.1386615584345863D-004
     379.5000000000000000  4.3250391300852126D-004  2.1329610976066320D-004      -0.0008648515193997 -2.0017812549170884D-004
     380.5000000000000000       0.0004960759646719  2.3201558491034940D-004      -0.0010255313432073 -2.2907728396803819D-004
     381.5000000000000000  4.4126359515651403D-004  1.8560510766230378D-004      -0.0007550797723251 -2.6204790149490082D-004
     382.5000000000000000  3.3965739745230614D-004  1.3665852909928905D-004      -0.0004950956366743 -1.0988553648644036D-004
     383.5000000000000000  2.8538699084895334D-004  8.9887113981939638D-005 -3.0392992852818943D-004 -4.5539744969229302D-005
     384.5000000000000000  3.3284966495215396D-004  2.9451855979002485D-005 -3.8235403941355180D-004 -6.3748318144600386D-005
     385.5000000000000000  4.1866072451864094D-004  7.1383074573828792D-005      -0.0006877178962216 -1.0168420102662050D-004
     386.5000000000000000  4.6033576809785179D-004  1.5222349225026997D-004      -0.0009831094218107 -1.8396513269125350D-005
     387.5000000000000000  3.9577772587622733D-004  1.1562944268173948D-004      -0.0008842192443083  2.6572660658605529D-004
     388.5000000000000000  3.6191340446134398D-004  8.7167161250699148D-006      -0.0006496125316961       0.0005315995139242
     389.5000000000000000  3.6478112277121122D-004 -8.0735250758224872D-005      -0.0005538236525494       0.0006263673935705
     390.5000000000000000  3.9419558164007499D-004 -7.3279179925883628D-005      -0.0006706161144702       0.0006211501612896
     391.5000000000000000  3.6654035675429424D-004 -8.2193664454598954D-006      -0.0006634960668922       0.0005922390111045
     392.5000000000000000  3.0751096078457418D-004  3.0008905151579118D-005      -0.0005952982144688       0.0005252056029991
     393.5000000000000000  2.9012063008836960D-004  3.4742984150720174D-005      -0.0006396378179866  4.3880057767153223D-004
     394.5000000000000000  3.1839449403217796D-004  9.6028482754351857D-005      -0.0007114735055122  4.6127014800747418D-004
     395.5000000000000000  3.5138463252873224D-004  1.4347795400270649D-004      -0.0006736288526108       0.0006530351374233
     396.5000000000000000  3.6538556950474526D-004  1.6382562218125222D-004 -4.8695193540932379D-004       0.0007724283489000
     397.5000000000000000  3.3008567739525483D-004  1.4436962082919148D-004 -2.6203345334417107D-004       0.0006902037097961
     398.5000000000000000  3.0687533665737853D-004  1.6155090129321372D-004 -1.9200445877313907D-004       0.0005838812527185
     399.5000000000000000  2.5930085460482025D-004  1.4563018909376070D-004 -2.1110832333856117D-004       0.0005230169998193
     400.5000000000000000  2.0450186034451709D-004  1.1551016453615422D-004 -1.0276203587438784D-004  2.7447871732641331D-004
     401.5000000000000000  1.9562892595190032D-004  6.8275211807140992D-005 -1.1021402074575239D-004  1.3627808190520483D-004
     402.5000000000000000  2.0426554008817646D-004  3.8282153493962187D-005 -1.8304776712451933D-004  1.4780201085667381D-004
     403.5000000000000000  1.7682513907745149D-004  3.2087014254013666D-005 -1.5640185026574409D-004  1.0435799719001954D-004
     404.5000000000000000  1.5898507264883979D-004 -2.5846096696300481D-006 -2.1687331017050214D-005  7.4271589134134252D-005
     405.5000000000000000  1.6478027027034658D-004 -5.3427174629169891D-005 -9.9519820298309822D-006  1.1809973061020598D-004
     406.5000000000000000  1.8974672784209049D-004 -5.7648391688251631D-005 -1.8749753153002205D-004  1.6142581852944050D-004
     407.5000000000000000  2.0052129594289435D-004 -3.4177771736936388D-005 -2.9842517081041096D-004  1.7090513104866482D-004
     408.5000000000000000  1.8102511348330706D-004 -3.0405038851033618D-005 -1.6993339625019058D-004  1.3690603660844740D-004
     409.5000000000000000  1.6233405745943557D-004  1.6033675911153096D-006 -4.4560896391740010D-005  6.7316733017253386D-005
     410.5000000000000000  1.3547923649518260D-004  8.8956434684843194D-005 -4.9518531369792638D-005  2.0464339222644406D-005
     411.5000000000000000  1.0984365947662996D-004  7.9583587060803304D-005 -8.8926117069377706D-005  5.0604821309890396D-005
     412.5000000000000000  1.1226543473654044D-004  1.4713338019063565D-005 -7.6927904938349411D-005  4.8929821000459523D-005
     413.5000000000000000  1.2580420218090839D-004  6.1595148242231732D-005 -6.0798811190475485D-005  6.5533581748373240D-005
     414.5000000000000000  1.2216975716017518D-004  1.1298768739906698D-004  2.5167145627465912D-005  1.2139613302266579D-004
     415.5000000000000000  1.2422419099771475D-004  7.8082718544669242D-005 -1.5911854317436551D-005  6.7109144618763929D-005
     416.5000000000000000  1.3275018865937317D-004  5.2449810260193093D-005 -1.0364232600669112D-004 -6.3702242220637734D-005
     417.5000000000000000  1.3845357821900859D-004  2.9332823812845835D-005 -7.7328881845655799D-005 -1.4975093028509625D-004
     418.5000000000000000  1.6906343323608799D-004 -1.3367229321686441D-006  2.4761661255958673D-006 -2.0338741072313288D-004
     419.5000000000000000  1.7568603780610616D-004  1.4831233154473492D-005 -1.0485930103905700D-005 -1.6770867582669054D-004
     420.5000000000000000  1.6206768803094516D-004 -2.7994269241066965D-005 -7.2285698589078041D-005 -1.4378690990681168D-004
     421.5000000000000000  1.6175055699492772D-004 -6.6217777808441603D-005 -2.9823465030374684D-005 -2.0209556516239817D-004
     422.5000000000000000  1.7292523301577466D-004 -6.8110206558920206D-005 -2.1798056769445671D-005 -1.2340312509774345D-004
     423.5000000000000000  1.4100159785074913D-004  1.3298836119734969D-007 -3.7450547024367347D-005  5.6093041965189285D-005
     424.5000000000000000  1.1616528486258892D-004  4.3768155685756613D-006 -2.8064058287016219D-005  9.3769601024118362D-005
     425.5000000000000000  1.5653355550976128D-004 -6.8035284605077076D-005  8.0381894034104562D-005 -8.4053571384643650D-005
     426.5000000000000000  1.6060199188437394D-004 -7.3172671479044158D-005  7.6258465778756006D-005 -1.6432193309110602D-004
     427.5000000000000000  1.2597161209188239D-004  4.7032849959493737D-007 -9.9626582522486951D-005 -8.2025843395417471D-005
     428.5000000000000000  1.0671680145406353D-004  2.4402933575979978D-005 -1.2295560378075383D-004 -2.6657555893530422D-005
     429.5000000000000000  1.2871054256074731D-004 -5.6842694586493121D-005 -2.7119276820923063D-005 -1.0068616976464412D-004
     430.5000000000000000  1.7248072130073789D-004 -1.3421954457992058D-004  5.5841367801884736D-005 -2.0737132026749048D-004
     431.5000000000000000  1.7839149830003225D-004 -1.2309760867407684D-004  8.6239387196730121D-005 -1.9205685963976664D-004
     432.5000000000000000  1.7858305090615519D-004 -1.2249386265444098D-004  1.0769174094222790D-004 -1.4338895216454373D-004
     433.5000000000000000  1.7485576216744306D-004 -2.0740302430461457D-004  1.5117073755570204D-004 -1.9679093058892394D-004
     434.5000000000000000  1.7323045683316791D-004 -2.0614311088116495D-004  9.3889810721530878D-005 -1.4074145775725184D-004
     435.5000000000000000  1.9474029990630611D-004 -2.2108397111826145D-004  8.0021494198380757D-005 -1.6597000133132203D-004
     436.5000000000000000  2.2797418782660516D-004 -2.3192567287764638D-004  1.2812393879564081D-004 -2.6232768650718804D-004
     437.5000000000000000  2.0820800469462415D-004 -1.3105284203472774D-004  6.1870561350141164D-005 -2.0645654320031908D-004
     438.5000000000000000  1.7481746123540354D-004 -4.2198628749553519D-005 -1.0157585298873397D-005 -1.6195333009871675D-004
     439.5000000000000000  2.0488677285725504D-004 -6.8806033011847045D-005  1.0214313834513536D-004 -1.9327539542161301D-004
     440.5000000000000000  2.8683494023682321D-004 -2.8862199313252487D-004  3.0482412610825229D-004 -3.7719025227986075D-004
     441.5000000000000000  3.7551498844730889D-004 -4.8232684421351186D-004       0.0005256857211867      -0.0007209035101708
     442.5000000000000000  4.0964303407227436D-004      -0.0005825601727129       0.0006903909786967      -0.0009423290894123
     443.5000000000000000  3.4884417984864060D-004 -4.7771328140988574D-004       0.0005682611594547      -0.0008644061850226
     444.5000000000000000  2.5846436544745260D-004 -2.2446436292095930D-004  2.1982188558654399D-004      -0.0006040735763302
     445.5000000000000000  1.5833901046381730D-004 -3.7698491838198606D-007 -3.5317702342839582D-005 -2.6174992017704608D-004
     446.5000000000000000  8.1805672141231040D-005  7.7367458986814586D-005 -8.2017981022549001D-005 -6.8758335494339010D-005
     447.5000000000000000  5.1844853961416650D-005  1.0408916397722497D-004 -2.8908847121831241D-005 -4.3576160079860023D-005
     448.5000000000000000  4.4168179163626143D-005  1.2689186583421719D-004  2.7688236147662202D-005 -6.3508102811318855D-005
     449.5000000000000000  4.6344935365592044D-005  1.5035996219833010D-004  6.3541983528509158D-005 -5.9700527213845302D-005
     450.5000000000000000  5.2736923177270195D-005  1.7878996679096545D-004  9.8590223957103516D-005 -3.3159086768935263D-005
     451.5000000000000000  4.5648748906063039D-005  1.5460198761669427D-004  8.4923192122482257D-005 -2.9132701806585931D-005
     452.5000000000000000  3.2998781297082632D-005  1.2368369318283638D-004  1.1215528933008368D-004  6.5211475295241000D-005
     453.5000000000000000  3.3010615669449827D-005  1.3957457172598456D-004  1.8741929755494014D-004  2.1227946029618743D-004
     454.5000000000000000  4.3163602400216935D-005  1.7901980065351358D-004  2.3294978973940341D-004  2.5470783530037977D-004
     455.5000000000000000  3.9839317308035264D-005  1.5879902527357099D-004  1.8131236219482013D-004  1.5132937198938232D-004
     456.5000000000000000  3.0105388161058072D-005  1.1485974851331411D-004  1.1603395808927052D-004  4.5036795437873935D-005
     457.5000000000000000  2.4749161497282713D-005  8.1037735850201956D-005  8.9741808264499513D-005  2.9064860502561941D-005
     458.5000000000000000  2.4177916877995835D-005  7.6759754098908726D-005  1.0577335074799459D-004  7.1316617263660696D-005
     459.5000000000000000  2.3745535012116594D-005  8.7137100464575287D-005  1.2295008147603133D-004  1.0030768416292706D-004
     460.5000000000000000  1.6682015405493728D-005  7.1471024257618708D-005  9.8759101419817024D-005  8.5672922465953642D-005
     461.5000000000000000  1.4415643318929103D-005  6.3210663497825935D-005  8.2232414715367741D-005  6.1887624068625931D-005
     462.5000000000000000  1.3837577261161259D-005  6.0417917019211252D-005  7.6878465231853277D-005  5.3688799021714852D-005
     463.5000000000000000  1.3951694542014935D-005  6.1232466096152247D-005  7.9114580595015575D-005  5.7914889609089310D-005
     464.5000000000000000  1.0384608262815058D-005  4.6877586526118613D-005  6.5744339878533371D-005  5.9363267478574514D-005
     465.5000000000000000  6.6850117102175755D-006  3.0780277149805018D-005  4.5681580113774765D-005  4.6471129046370448D-005
     466.5000000000000000  3.2152947365639032D-006  1.5022508098533973D-005  2.3417745035675240D-005  2.6104262086106418D-005
     467.5000000000000000  7.9759059917675575D-007  3.7060012040590571D-006  6.0921265737282859D-006  7.2981471858210841D-006
     468.5000000000000000  4.4030481752460258D-006  2.1233687361017108D-005  3.5571889633302744D-005  4.5389583234060198D-005
     469.5000000000000000  7.5623454393779382D-006  3.6634838343562677D-005  6.1661687878469400D-005  7.9541895180724052D-005
     470.5000000000000000  5.0072949561528846D-006  2.4331881951938813D-005  4.1420773878491650D-005  5.4420422363173709D-005
     471.5000000000000000  1.9710605731883019D-006  9.5630386722986548D-006  1.6508792503862565D-005  2.2064938038573067D-005
     472.5000000000000000  1.3929434606878867D-007  5.8294273956029619D-007  1.0669069030720152D-006  1.3443069190908377D-006
     473.5000000000000000  2.8050905643350399D-008  4.4022500159002116D-008  1.5024777082509180D-007  1.4657776555149505D-007
     474.5000000000000000  2.9551081861067963D-008  5.6835781517759172D-008  1.6686531086565419D-007  1.7357264602649646D-007
     475.5000000000000000  2.6325618185460644D-008  4.2940179153428226D-008  1.3862276234977701D-007  1.3519580707753179D-007
     476.5000000000000000  1.9289574641294040D-008  9.6955597014683166D-009  7.8940279053788707D-008  5.3704164090062050D-008
     477.5000000000000000  1.5953206769376477D-008 -8.0832406633122296D-009  5.0798127108228093D-008  1.6504113883446778D-008
     478.5000000000000000  1.3678929751924895D-008 -2.1472936242375946D-008  3.1622640159163991D-008 -9.5883191716713706D-009
     479.5000000000000000  1.2970122751305069D-008 -2.7522147408639072D-008  2.5696599395937094D-008 -1.8490029254690418D-008
     480.5000000000000000  1.3611965859451046D-008 -2.9151668483772742D-008  2.7888066079620388D-008 -2.0974139140047052D-008
     481.5000000000000000  1.4127492637862222D-008 -3.0541723244145333D-008  2.9938740425197726D-008 -2.3477748631686083D-008
     482.5000000000000000  1.4840176878564264D-008 -3.2245182906207285D-008  3.1968833365275887D-008 -2.5419101035957482D-008
     483.5000000000000000  1.5062464210060318D-008 -3.2945022367031733D-008  3.3229156973307623D-008 -2.7235988671577013D-008
     484.5000000000000000  1.5492809888585148D-008 -3.4058170724992348D-008  3.4770593271418804D-008 -2.9016718675054525D-008
     485.5000000000000000  1.5757381348780112D-008 -3.4799007831426469D-008  3.5908198812089731D-008 -3.0418149039427649D-008
     486.5000000000000000  1.6149593839281783D-008 -3.5816914887379854D-008  3.7327958286683683D-008 -3.2065348655012717D-008
     487.5000000000000000  1.6328269652875822D-008 -3.6342811520120131D-008  3.8162988874442224D-008 -3.3054536139199646D-008
     488.5000000000000000  1.6540442841147898D-008 -3.6926347907104634D-008  3.9035076801600148D-008 -3.4102926724370050D-008
     489.5000000000000000  1.6585707110041706D-008 -3.7187817022662446D-008  3.9733825563370273D-008 -3.5330186134098100D-008
     490.5000000000000000  3.1696476938561761D-007 -6.8929469926495153D-007  6.3147398454638207D-007 -2.7446698490524069D-007
     491.5000000000000000  1.9938118127025706D-006 -4.3215082319712299D-006  3.9021920103238877D-006 -1.5410478356093722D-006
     492.5000000000000000  2.8141959777886946D-006 -6.0972747266823715D-006  5.4971836922731522D-006 -2.1495566587065761D-006
     493.5000000000000000  1.5530037615796964D-006 -3.3628836006428288D-006  3.0269897172962488D-006 -1.1754240716265233D-006
     494.5000000000000000  2.9254518912514512D-007 -6.3479960252621306D-007  5.7738409620295172D-007 -2.4209960721875794D-007
     495.5000000000000000  1.7288723693847500D-008 -3.9585650011547080D-008  4.4815731981867357D-008 -4.3087414514883939D-008
     496.5000000000000000  2.2059244469344798D-008 -1.8120594169113420D-008  8.6051409113212778D-008  1.2002012213724105D-008
     497.5000000000000000  2.6885356925874754D-008  3.2048080843010864D-009  1.2750524147687148D-007  6.6827720424010292D-008
     498.5000000000000000  3.0021335700694101D-008  1.4703549064716387D-008  1.5227912956923028D-007  9.5992132684601349D-008
     499.5000000000000000  3.5528740192642447D-008  3.5032456849955706D-008  1.9519954147014117D-007  1.4699288549687207D-007
     500.5000000000000000  1.3125641981393527D-007  4.6393106735619261D-007  1.0084513642844200D-006  1.2635435595662957D-006
